0 0.13046875 0.56640625 0.2125 0.25625
0 0.12578125 0.36328125 0.19921875 0.2078125
0 0.03828125 0.87890625 0.02109375 0.065625
0 0.065625 0.775 0.06875 0.184375
0 0.2265625 0.9046875 0.328125 0.1390625
0 0.4125 0.27265625 0.51171875 0.496875
0 0.24765625 0.57890625 0.034375 0.08671875
0 0.42734375 0.7875 0.315625 0.3203125
0 0.440625 0.95234375 0.1125 0.0359375
0 0.615625 0.9390625 0.221875 0.0703125
0 0.7515625 0.628125 0.43828125 0.6390625
0 0.60078125 0.0375 0.11953125 0.0421875
0 0.659375 0.0765625 0.05390625 0.065625
0 0.78203125 0.0796875 0.246875 0.1140625
0 0.93671875 0.05 0.0640625 0.05078125