2 0.05703125 0.784375 0.09140625 0.084375
2 0.08984375 0.671875 0.059375 0.034375
2 0.10078125 0.73125 0.01875 0.015625
2 0.1140625 0.74765625 0.015625 0.01015625
2 0.13046875 0.7796875 0.02109375 0.01484375
2 0.14296875 0.73984375 0.02265625 0.01875
2 0.20078125 0.72890625 0.025 0.01171875
2 0.2125 0.7390625 0.02109375 0.0203125
2 0.23671875 0.6484375 0.03125 0.01875
2 0.2375 0.7484375 0.025 0.015625
2 0.2609375 0.7765625 0.01171875 0.01015625
2 0.28046875 0.62890625 0.02734375 0.0171875
2 0.27734375 0.77578125 0.01796875 0.015625
2 0.28125 0.6078125 0.025 0.01328125
2 0.33515625 0.828125 0.01328125 0.0140625
2 0.34296875 0.65078125 0.015625 0.01328125
2 0.35546875 0.8140625 0.01328125 0.01015625
2 0.36953125 0.828125 0.01796875 0.0140625
2 0.38046875 0.6546875 0.01796875 0.0109375
2 0.38203125 0.7875 0.015625 0.01171875
2 0.3828125 0.72890625 0.01328125 0.01171875
2 0.38828125 0.5765625 0.01328125 0.0125
2 0.3890625 0.78125 0.015625 0.00859375
2 0.4140625 0.7328125 0.03828125 0.04296875
2 0.41171875 0.596875 0.02109375 0.02578125
2 0.41640625 0.6390625 0.03046875 0.0171875
2 0.4140625 0.80390625 0.01171875 0.00859375
2 0.49296875 0.6203125 0.028125 0.0203125
2 0.49296875 0.76796875 0.01328125 0.0140625
2 0.5390625 0.5140625 0.028125 0.0171875
2 0.5421875 0.65625 0.03046875 0.0140625
2 0.559375 0.67578125 0.02265625 0.02109375
2 0.56796875 0.47578125 0.02109375 0.0203125
2 0.58671875 0.64375 0.028125 0.01875
2 0.60078125 0.66953125 0.01875 0.015625
