2 0.52578125 0.61015625 0.08984375 0.11171875
2 0.0203125 0.9703125 0.028125 0.0546875
2 0.0296875 0.91796875 0.0453125 0.05859375
2 0.0765625 0.9703125 0.0375 0.0453125
2 0.07734375 0.784375 0.0234375 0.0453125
2 0.0875 0.74921875 0.0390625 0.046875
2 0.0890625 0.9046875 0.0421875 0.0515625
2 0.12890625 0.9375 0.04375 0.071875
2 0.13515625 0.74296875 0.0390625 0.04453125
2 0.13046875 0.98046875 0.02265625 0.0375
2 0.14296875 0.696875 0.0390625 0.05859375
2 0.17890625 0.96171875 0.0328125 0.06171875
2 0.1828125 0.91328125 0.0359375 0.0484375
2 0.1828125 0.79453125 0.03359375 0.04453125
2 0.1828125 0.753125 0.02578125 0.03828125
2 0.2140625 0.9765625 0.03359375 0.04609375
2 0.21796875 0.93671875 0.028125 0.0734375
2 0.22421875 0.775 0.0390625 0.046875
2 0.2375 0.98125 0.028125 0.0359375
2 0.25078125 0.82734375 0.04765625 0.06171875
2 0.26015625 0.903125 0.0515625 0.0546875
2 0.2859375 0.9890625 0.03984375 0.0203125
2 0.2875 0.82578125 0.01953125 0.0546875
2 0.29921875 0.94609375 0.03359375 0.0625
2 0.3046875 0.509375 0.03984375 0.0359375
2 0.3046875 0.46484375 0.03125 0.046875
2 0.30546875 0.5390625 0.0234375 0.0328125
2 0.309375 0.41328125 0.0234375 0.05703125
2 0.33828125 0.90546875 0.04375 0.06328125
2 0.35546875 0.43046875 0.03984375 0.02265625
2 0.35078125 0.4546875 0.0234375 0.0359375
2 0.3953125 0.90703125 0.0265625 0.02578125
2 0.3984375 0.97265625 0.03125 0.05
2 0.4421875 0.91484375 0.03359375 0.07734375
2 0.4484375 0.978125 0.0390625 0.0421875
2 0.5265625 0.94609375 0.0796875 0.10546875
