2 0.08515625 0.23125 0.12421875 0.07578125
2 0.08203125 0.1359375 0.11015625 0.0859375
2 0.0890625 0.321875 0.109375 0.0859375
2 0.0984375 0.4171875 0.109375 0.07734375
2 0.0984375 0.503125 0.109375 0.08125
2 0.21015625 0.13359375 0.103125 0.08125
2 0.2140625 0.2328125 0.10703125 0.08359375
2 0.2140625 0.321875 0.10703125 0.07890625
2 0.21640625 0.41796875 0.103125 0.075
2 0.33125 0.12890625 0.1125 0.0859375
2 0.334375 0.225 0.1 0.07421875
2 0.33671875 0.32109375 0.10546875 0.084375
2 0.33671875 0.41171875 0.10546875 0.07734375
2 0.34140625 0.66796875 0.109375 0.08125
2 0.67734375 0.1359375 0.10859375 0.0859375
2 0.678125 0.22734375 0.10625 0.0859375
2 0.678125 0.3234375 0.10625 0.0828125
2 0.68046875 0.5109375 0.10546875 0.07890625
2 0.6828125 0.41796875 0.109375 0.0796875
2 0.7984375 0.4171875 0.11171875 0.08125
2 0.79921875 0.3234375 0.109375 0.0796875
2 0.80078125 0.2296875 0.1125 0.08125
2 0.8015625 0.134375 0.10546875 0.0796875
2 0.9203125 0.2265625 0.103125 0.084375
2 0.9203125 0.32421875 0.103125 0.07734375
2 0.9234375 0.67265625 0.109375 0.0859375
2 0.92421875 0.13203125 0.11171875 0.084375
2 0.92421875 0.41796875 0.10703125 0.0828125
