2 0.02109375 0.371875 0.0421875 0.10859375
2 0.08359375 0.446875 0.09296875 0.13515625
2 0.22578125 0.8578125 0.1265625 0.19140625
2 0.29453125 0.38359375 0.15078125 0.19453125
2 0.35546875 0.85703125 0.109375 0.18984375
2 0.45625 0.60703125 0.1390625 0.1625
2 0.69140625 0.36328125 0.1515625 0.1953125
2 0.73046875 0.559375 0.1546875 0.17421875
2 0.71328125 0.046875 0.0578125 0.0625
2 0.78203125 0.22109375 0.146875 0.17265625
2 0.88515625 0.575 0.12734375 0.13359375
2 0.97578125 0.5640625 0.046875 0.14453125
