2 0.46015625 0.6765625 0.0078125 0.01171875
2 0.48203125 0.621875 0.01171875 0.03125
2 0.5140625 0.54296875 0.025 0.02265625
2 0.52265625 0.56875 0.02421875 0.02890625
2 0.528125 0.56953125 0.02109375 0.02734375
2 0.55078125 0.6484375 0.0203125 0.021875
2 0.6109375 0.6515625 0.021875 0.02734375
2 0.62421875 0.49765625 0.015625 0.04453125
2 0.6640625 0.52578125 0.0234375 0.034375
2 0.690625 0.47421875 0.01953125 0.0375
2 0.69140625 0.5296875 0.01796875 0.0390625
2 0.70625 0.4828125 0.01953125 0.0203125
2 0.86484375 0.6203125 0.0140625 0.0171875
