2 0.409375 0.41875 0.0796875 0.08359375
2 0.0390625 0.63984375 0.0578125 0.0890625
2 0.0890625 0.60859375 0.0734375 0.09609375
2 0.165625 0.28125 0.0546875 0.07265625
2 0.19609375 0.2421875 0.06015625 0.06953125
2 0.19765625 0.35 0.0421875 0.0359375
2 0.23359375 0.5859375 0.05 0.0828125
2 0.5890625 0.30390625 0.01953125 0.034375
2 0.61953125 0.3046875 0.0203125 0.02578125
2 0.63515625 0.28984375 0.0265625 0.03203125
2 0.7046875 0.17578125 0.04921875 0.05703125
2 0.7125 0.55859375 0.0109375 0.03125
2 0.73125 0.22109375 0.0328125 0.04453125
2 0.7296875 0.5828125 0.02421875 0.02734375
2 0.765625 0.58828125 0.015625 0.0359375
2 0.76875 0.55625 0.0234375 0.02578125
2 0.7796875 0.70859375 0.0375 0.03203125
2 0.78203125 0.23046875 0.02890625 0.046875
2 0.7875 0.653125 0.02421875 0.04140625
2 0.7875 0.6140625 0.021875 0.0359375
2 0.80078125 0.50859375 0.03515625 0.04140625
2 0.796875 0.46171875 0.0203125 0.0328125
2 0.79921875 0.6765625 0.021875 0.046875
2 0.8234375 0.45390625 0.02734375 0.03515625
2 0.83671875 0.49765625 0.0265625 0.04921875
2 0.853125 0.4609375 0.03203125 0.05
2 0.87109375 0.5 0.01796875 0.0375
2 0.8859375 0.4734375 0.02734375 0.04609375
2 0.8859375 0.53671875 0.0265625 0.0484375
2 0.9265625 0.459375 0.01640625 0.02734375
2 0.93125 0.484375 0.021875 0.03515625
2 0.93828125 0.13828125 0.03203125 0.0375
2 0.9625 0.20703125 0.0265625 0.04140625
2 0.9671875 0.08515625 0.03515625 0.040625
2 0.984375 0.3734375 0.0296875 0.04375
2 0.9859375 0.23203125 0.0265625 0.03671875
