2 0.78359375 0.65 0.075 0.09609375
2 0.45703125 0.7171875 0.05078125 0.06640625
2 0.496875 0.6421875 0.05 0.075
2 0.55078125 0.80703125 0.05078125 0.0765625
2 0.55078125 0.7421875 0.04296875 0.053125
2 0.56171875 0.6140625 0.0390625 0.0484375
2 0.58515625 0.446875 0.046875 0.06171875
2 0.6609375 0.63828125 0.059375 0.084375
2 0.68515625 0.2875 0.04609375 0.06484375
2 0.721875 0.6125 0.0625 0.075
2 0.76484375 0.11171875 0.0546875 0.11171875
2 0.7703125 0.3171875 0.06640625 0.1
2 0.8421875 0.0828125 0.06875 0.109375
2 0.8421875 0.203125 0.04609375 0.11640625
2 0.9 0.2765625 0.06953125 0.1109375
2 0.93515625 0.70859375 0.05390625 0.09609375
2 0.9484375 0.8296875 0.05078125 0.12265625
2 0.98515625 0.48203125 0.028125 0.0796875
