2 0.01640625 0.24609375 0.0328125 0.07734375
2 0.02734375 0.82265625 0.0390625 0.0421875
2 0.04140625 0.2671875 0.0640625 0.10703125
2 0.03984375 0.66015625 0.0390625 0.0546875
2 0.046875 0.859375 0.02421875 0.03984375
2 0.059375 0.9484375 0.04609375 0.0671875
2 0.0671875 0.59609375 0.03984375 0.04296875
2 0.0921875 0.9625 0.02890625 0.03984375
2 0.128125 0.0921875 0.0921875 0.10859375
2 0.109375 0.5125 0.03984375 0.0515625
2 0.10859375 0.67109375 0.03125 0.0359375
2 0.11875 0.6140625 0.0265625 0.0375
2 0.134375 0.78203125 0.03359375 0.06328125
2 0.13828125 0.38203125 0.04140625 0.04609375
2 0.14375 0.5484375 0.0234375 0.0203125
2 0.15078125 0.5078125 0.03515625 0.053125
2 0.28515625 0.053125 0.1046875 0.10546875
2 0.278125 0.5234375 0.028125 0.053125
2 0.2984375 0.68359375 0.0390625 0.06328125
2 0.3375 0.12109375 0.10703125 0.12421875
2 0.3109375 0.51015625 0.021875 0.05546875
2 0.34609375 0.51328125 0.04609375 0.084375
2 0.34765625 0.58203125 0.0359375 0.05703125
2 0.36875 0.634375 0.0453125 0.0484375
2 0.39765625 0.34609375 0.0671875 0.07734375
2 0.40546875 0.74921875 0.01953125 0.03046875
2 0.44609375 0.58203125 0.0328125 0.05703125
2 0.44453125 0.77890625 0.0265625 0.03515625
2 0.4734375 0.896875 0.03984375 0.07734375
2 0.4875 0.9703125 0.0265625 0.0484375
2 0.52265625 0.6140625 0.02734375 0.0375
2 0.55546875 0.66328125 0.0390625 0.0421875
2 0.5609375 0.6171875 0.04140625 0.07265625
2 0.61640625 0.34765625 0.05390625 0.06328125
2 0.6484375 0.2859375 0.03046875 0.06015625
2 0.684375 0.28828125 0.04296875 0.0546875
2 0.6984375 0.346875 0.0453125 0.0515625
2 0.715625 0.209375 0.0578125 0.07734375
2 0.71953125 0.94296875 0.03359375 0.03046875
2 0.7328125 0.3671875 0.03984375 0.0515625
2 0.74453125 0.32578125 0.0296875 0.0359375
2 0.7484375 0.59140625 0.0375 0.07265625
2 0.7875 0.9703125 0.0375 0.0375
2 0.790625 0.38828125 0.03125 0.04140625
2 0.80625 0.753125 0.04609375 0.05859375
2 0.81796875 0.309375 0.03984375 0.05859375
2 0.83359375 0.36640625 0.0453125 0.05703125
2 0.90390625 0.5765625 0.05703125 0.065625
2 0.9359375 0.3140625 0.0578125 0.0453125
2 0.9359375 0.278125 0.04296875 0.07578125
