2 0.234375 0.4109375 0.09609375 0.1546875
2 0.26796875 0.5484375 0.13984375 0.178125
2 0.28046875 0.25546875 0.07890625 0.1484375
2 0.31015625 0.4125 0.07109375 0.19921875
2 0.33125 0.23359375 0.084375 0.178125
2 0.3734375 0.665625 0.1421875 0.17734375
2 0.4125 0.534375 0.14921875 0.18125
2 0.42109375 0.1546875 0.16171875 0.23203125
2 0.43046875 0.353125 0.1609375 0.17421875
2 0.51953125 0.634375 0.14609375 0.19921875
2 0.54296875 0.2125 0.1421875 0.2015625
2 0.5515625 0.396875 0.1453125 0.178125
2 0.634375 0.5234375 0.153125 0.17734375
2 0.6296875 0.2546875 0.09453125 0.1890625
2 0.6765625 0.4 0.12109375 0.15390625
