2 0.25859375 0.95625 0.071875 0.084375
2 0.2890625 0.88515625 0.08203125 0.115625
2 0.32265625 0.78125 0.0765625 0.1265625
2 0.3296875 0.94765625 0.0703125 0.103125
2 0.35859375 0.696875 0.08203125 0.11171875
2 0.35859375 0.88125 0.0796875 0.1203125
2 0.38828125 0.59921875 0.065625 0.109375
2 0.3921875 0.78828125 0.0734375 0.12265625
2 0.3984375 0.959375 0.06015625 0.0796875
2 0.41796875 0.50625 0.0703125 0.11171875
2 0.43125 0.68984375 0.08046875 0.10859375
2 0.4328125 0.86640625 0.0765625 0.1171875
2 0.446875 0.409375 0.0953125 0.115625
2 0.459375 0.6 0.0734375 0.115625
2 0.465625 0.96171875 0.0640625 0.07421875
2 0.47109375 0.78359375 0.06875 0.12109375
2 0.48046875 0.321875 0.084375 0.12109375
2 0.5 0.5 0.06484375 0.10703125
2 0.5015625 0.68515625 0.06484375 0.12109375
2 0.509375 0.88203125 0.0765625 0.121875
2 0.515625 0.21171875 0.08203125 0.11875
2 0.52734375 0.40234375 0.0875 0.11875
2 0.53515625 0.58125 0.0640625 0.0859375
2 0.54140625 0.78203125 0.06953125 0.109375
2 0.54765625 0.96484375 0.06484375 0.06875
2 0.5546875 0.11328125 0.071875 0.09921875
2 0.55625 0.2984375 0.0703125 0.109375
2 0.5484375 0.50078125 0.0328125 0.075
2 0.57421875 0.0328125 0.0734375 0.065625
2 0.5765625 0.6828125 0.07734375 0.10390625
2 0.58125 0.871875 0.08046875 0.10625
2 0.5921875 0.20859375 0.0734375 0.09453125
2 0.61328125 0.10234375 0.0765625 0.12109375
2 0.61796875 0.7703125 0.06328125 0.12109375
2 0.621875 0.95078125 0.06953125 0.096875
2 0.63125 0.28359375 0.071875 0.10625
2 0.6484375 0.02421875 0.0859375 0.04765625
2 0.65625 0.6875 0.0765625 0.09375
2 0.659375 0.19453125 0.08046875 0.084375
2 0.65859375 0.8640625 0.07421875 0.13203125
2 0.69453125 0.0875 0.078125 0.10234375
2 0.7015625 0.7734375 0.06484375 0.10390625
2 0.71015625 0.28828125 0.0703125 0.10390625
2 0.73359375 0.67578125 0.0796875 0.09296875
2 0.73125 0.17578125 0.07421875 0.12109375
2 0.73203125 0.0328125 0.0734375 0.065625
2 0.78359375 0.09765625 0.07578125 0.115625
2 0.78984375 0.2734375 0.08828125 0.115625
2 0.8078125 0.465625 0.0484375 0.12265625
2 0.7984375 0.58046875 0.021875 0.08828125
2 0.83359375 0.365625 0.07578125 0.10390625
2 0.86015625 0.08359375 0.09140625 0.12109375
2 0.865625 0.27265625 0.071875 0.1171875
2 0.9125 0.1921875 0.0890625 0.1171875
2 0.953125 0.09140625 0.0921875 0.12109375
