2 0.0734375 0.7890625 0.0703125 0.0875
2 0.1265625 0.74296875 0.05546875 0.04765625
2 0.128125 0.81015625 0.059375 0.08671875
2 0.13671875 0.8984375 0.05703125 0.0875
2 0.153125 0.7140625 0.0578125 0.07265625
2 0.1859375 0.7953125 0.0578125 0.07734375
2 0.18828125 0.87734375 0.0625 0.0890625
2 0.1890625 0.9359375 0.05390625 0.03203125
2 0.215625 0.734375 0.0609375 0.0828125
2 0.2453125 0.91328125 0.0484375 0.07734375
2 0.25234375 0.84296875 0.0359375 0.0625
2 0.25703125 0.7921875 0.034375 0.08046875
2 0.36875 0.8125 0.0578125 0.09140625
2 0.3984375 0.88828125 0.0703125 0.0984375
2 0.403125 0.959375 0.06640625 0.06640625
2 0.42890625 0.81640625 0.05546875 0.0671875
2 0.46171875 0.88671875 0.0484375 0.06640625
2 0.4734375 0.9375 0.05703125 0.071875
2 0.4890625 0.83203125 0.0328125 0.06640625
2 0.52265625 0.90546875 0.06171875 0.084375
2 0.553125 0.8859375 0.053125 0.07578125
