2 0.01875 0.01484375 0.0375 0.0296875
2 0.11015625 0.15390625 0.0765625 0.06328125
2 0.12265625 0.796875 0.06640625 0.0578125
2 0.15859375 0.85703125 0.08671875 0.0921875
2 0.1984375 0.528125 0.034375 0.02890625
2 0.2140625 0.88203125 0.06484375 0.06015625
2 0.22265625 0.575 0.04140625 0.0515625
2 0.2609375 0.5390625 0.0765625 0.07109375
2 0.396875 0.08203125 0.071875 0.06328125
2 0.45 0.5921875 0.0578125 0.0578125
2 0.6609375 0.8390625 0.05625 0.05625
2 0.859375 0.01875 0.04453125 0.03671875
2 0.8890625 0.4125 0.05625 0.0546875
2 0.92578125 0.48984375 0.05625 0.0546875
2 0.94140625 0.3859375 0.0640625 0.06796875
