2 0.15859375 0.87109375 0.0578125 0.0453125
2 0.37578125 0.73046875 0.09609375 0.1015625
2 0.36484375 0.04296875 0.0640625 0.0859375
2 0.515625 0.3453125 0.08359375 0.11328125
2 0.50859375 0.70234375 0.0375 0.071875
2 0.53828125 0.46953125 0.0890625 0.121875
2 0.59296875 0.08203125 0.06875 0.0765625
2 0.63046875 0.44921875 0.0859375 0.0953125
2 0.7390625 0.8828125 0.0328125 0.04140625
2 0.79921875 0.890625 0.0234375 0.0484375
2 0.89609375 0.8703125 0.02734375 0.03359375
2 0.92578125 0.96484375 0.05625 0.03671875
2 0.98125 0.89921875 0.03515625 0.0484375
2 0.9828125 0.903125 0.0234375 0.03359375
