2 0.015625 0.740625 0.03125 0.0375
2 0.04609375 0.70625 0.0515625 0.046875
2 0.0609375 0.73359375 0.0375 0.0453125
2 0.1015625 0.69921875 0.0375 0.0546875
2 0.12109375 0.7421875 0.0296875 0.053125
2 0.15234375 0.70703125 0.0515625 0.0703125
2 0.17109375 0.74453125 0.0171875 0.0484375
2 0.2015625 0.70234375 0.04375 0.0609375
2 0.21171875 0.7484375 0.0296875 0.0375
2 0.5328125 0.74765625 0.071875 0.0640625
2 0.5703125 0.703125 0.05 0.046875
2 0.6015625 0.75 0.046875 0.046875
2 0.62734375 0.7109375 0.0578125 0.053125
2 0.6375 0.75390625 0.03125 0.0484375
2 0.6640625 0.74921875 0.03125 0.0484375
2 0.67890625 0.70703125 0.0546875 0.0453125
2 0.6984375 0.66171875 0.059375 0.0640625
2 0.72265625 0.7578125 0.0640625 0.04375
2 0.7453125 0.71015625 0.05625 0.0453125
2 0.76484375 0.6609375 0.0578125 0.0625
2 0.775 0.75390625 0.065625 0.0484375
2 0.8046875 0.715625 0.0375 0.040625
2 0.82734375 0.6703125 0.0546875 0.05
2 0.8359375 0.75625 0.05 0.059375
2 0.8671875 0.721875 0.05 0.0375
2 0.88125 0.6671875 0.053125 0.065625
2 0.88828125 0.7578125 0.0484375 0.04375
2 0.91484375 0.7140625 0.0390625 0.03125
2 0.93671875 0.67109375 0.0671875 0.0578125
2 0.94765625 0.75625 0.0484375 0.046875
2 0.97734375 0.7109375 0.0421875 0.0625
2 0.98984375 0.6484375 0.0171875 0.05625
