2 0.0796875 0.6578125 0.1359375 0.23046875
2 0.15859375 0.45234375 0.1515625 0.20859375
2 0.190625 0.271875 0.15390625 0.20625
2 0.20625 0.734375 0.1609375 0.21953125
2 0.190625 0.60859375 0.06875 0.075
2 0.28203125 0.51015625 0.1046875 0.19609375
2 0.29296875 0.10625 0.12578125 0.190625
2 0.34140625 0.84453125 0.1625 0.12734375
2 0.30703125 0.2890625 0.06953125 0.12890625
2 0.328125 0.67890625 0.0640625 0.2
2 0.37265625 0.2 0.1078125 0.16875
2 0.37578125 0.340625 0.0828125 0.0921875
2 0.4 0.46796875 0.1109375 0.18515625
2 0.440625 0.65859375 0.1765625 0.2984375
2 0.45078125 0.8984375 0.07421875 0.0609375
2 0.528125 0.3046875 0.16484375 0.23671875
2 0.55546875 0.78359375 0.2 0.2484375
2 0.56640625 0.465625 0.134375 0.2234375
2 0.5890625 0.9328125 0.1796875 0.13359375
2 0.64375 0.5640625 0.20234375 0.2859375
2 0.63984375 0.09765625 0.1609375 0.1953125
2 0.73515625 0.80234375 0.21015625 0.31171875
2 0.7296875 0.30078125 0.1859375 0.2328125
2 0.78359375 0.4640625 0.12421875 0.1671875
2 0.81015625 0.62578125 0.121875 0.14453125
2 0.81875 0.9640625 0.1234375 0.0671875
2 0.8859375 0.2375 0.1390625 0.19765625
2 0.92421875 0.74609375 0.15 0.2765625
2 0.925 0.41640625 0.13671875 0.22890625
2 0.9375 0.5609375 0.1078125 0.07109375
2 0.94375 0.88671875 0.1078125 0.21171875
2 0.97734375 0.21953125 0.04375 0.16171875
