2 0.17734375 0.8515625 0.16171875 0.19609375
2 0.15078125 0.178125 0.1015625 0.09765625
2 0.12109375 0.06484375 0.0390625 0.0953125
2 0.1375 0.5953125 0.06328125 0.0796875
2 0.16015625 0.45234375 0.10546875 0.08203125
2 0.13203125 0.3796875 0.03046875 0.0703125
2 0.17734375 0.50546875 0.10546875 0.109375
2 0.2125 0.078125 0.14609375 0.12265625
2 0.225 0.603125 0.103125 0.0671875
2 0.225 0.3953125 0.08125 0.0734375
2 0.29921875 0.17890625 0.1578125 0.1125
2 0.25859375 0.4703125 0.05859375 0.0671875
2 0.36953125 0.85546875 0.23125 0.215625
2 0.328125 0.59921875 0.10625 0.0515625
2 0.315625 0.38984375 0.07890625 0.0734375
2 0.37109375 0.49296875 0.18203125 0.1640625
2 0.3796875 0.0875 0.1421875 0.13515625
2 0.45859375 0.96484375 0.184375 0.040625
2 0.471875 0.18046875 0.15703125 0.1125
2 0.4578125 0.60546875 0.09609375 0.06328125
2 0.51328125 0.53125 0.1125 0.11953125
2 0.51953125 0.8890625 0.10703125 0.1484375
2 0.5171875 0.42578125 0.0671875 0.08359375
2 0.55703125 0.08984375 0.1375 0.15
2 0.5546875 0.4765625 0.08671875 0.06015625
2 0.56875 0.6109375 0.08828125 0.0515625
2 0.6734375 0.86875 0.23125 0.21796875
2 0.64296875 0.1875 0.1578125 0.109375
2 0.63125 0.53984375 0.08984375 0.1078125
2 0.63359375 0.453125 0.0484375 0.04609375
2 0.6640625 0.60546875 0.08828125 0.053125
2 0.67265625 0.3890625 0.07578125 0.071875
2 0.7234375 0.0984375 0.16484375 0.1640625
2 0.7203125 0.48359375 0.08046875 0.1078125
2 0.78671875 0.6125 0.1296875 0.0765625
2 0.80234375 0.2078125 0.14921875 0.1515625
2 0.7640625 0.8796875 0.05 0.1578125
2 0.82265625 0.959375 0.15625 0.06171875
2 0.803125 0.4015625 0.09765625 0.0875
2 0.8296875 0.5234375 0.10703125 0.10390625
2 0.84453125 0.8546875 0.103125 0.1484375
2 0.853125 0.09765625 0.0828125 0.1453125
2 0.8625 0.4546875 0.078125 0.0671875
2 0.87421875 0.3984375 0.04453125 0.05703125
2 0.88125 0.5953125 0.04140625 0.0515625
