2 0.0203125 0.21484375 0.03984375 0.046875
2 0.046875 0.42578125 0.021875 0.02265625
2 0.0609375 0.89921875 0.01328125 0.0109375
2 0.0765625 0.89375 0.0046875 0.015625
2 0.084375 0.7484375 0.01328125 0.02578125
2 0.0859375 0.2703125 0.0171875 0.01171875
2 0.09375 0.20078125 0.01640625 0.02734375
2 0.11875 0.2125 0.01171875 0.01015625
2 0.1421875 0.6609375 0.02578125 0.02578125
2 0.13828125 0.9890625 0.01328125 0.01015625
2 0.234375 0.96015625 0.015625 0.00703125
2 0.3453125 0.96328125 0.0296875 0.03203125
2 0.35546875 0.890625 0.01328125 0.01015625
2 0.38671875 0.9453125 0.01796875 0.02734375
2 0.61015625 0.85703125 0.01171875 0.01328125
2 0.7796875 0.88515625 0.021875 0.021875
