2 0.02421875 0.96953125 0.0484375 0.059375
2 0.03046875 0.08359375 0.0609375 0.15390625
2 0.0578125 0.35390625 0.11484375 0.2
2 0.09375 0.81484375 0.1875 0.3546875
2 0.06875 0.065625 0.13203125 0.13125
2 0.0515625 0.2140625 0.0953125 0.10703125
2 0.071875 0.5828125 0.13671875 0.19921875
2 0.11484375 0.5265625 0.13046875 0.1859375
2 0.0921875 0.16015625 0.0765625 0.1125
2 0.16484375 0.2703125 0.11640625 0.2328125
2 0.14375 0.02734375 0.05 0.0546875
2 0.1796875 0.96171875 0.10625 0.0734375
2 0.20859375 0.10703125 0.1578125 0.12421875
2 0.24140625 0.6765625 0.190625 0.2609375
2 0.26484375 0.875 0.15390625 0.2109375
2 0.26015625 0.053125 0.0984375 0.10625
2 0.28828125 0.2640625 0.153125 0.20234375
2 0.29609375 0.98125 0.10390625 0.03515625
2 0.365625 0.66484375 0.134375 0.284375
2 0.35703125 0.11796875 0.078125 0.146875
2 0.37578125 0.31484375 0.10625 0.23046875
2 0.3890625 0.028125 0.1203125 0.05625
2 0.43125 0.47734375 0.16484375 0.23671875
2 0.434375 0.884375 0.16875 0.2296875
2 0.4421875 0.26796875 0.0921875 0.1984375
2 0.44140625 0.11171875 0.078125 0.1265625
2 0.4734375 0.975 0.11953125 0.04765625
2 0.484375 0.6296875 0.07265625 0.19296875
2 0.47109375 0.09609375 0.03828125 0.0953125
2 0.5453125 0.05234375 0.12421875 0.10390625
2 0.55859375 0.2484375 0.14921875 0.25078125
2 0.50625 0.371875 0.03671875 0.04921875
2 0.5625 0.87890625 0.14921875 0.23984375
2 0.53203125 0.46484375 0.065625 0.13671875
2 0.6140625 0.61640625 0.175 0.19921875
2 0.6140625 0.475 0.15546875 0.18203125
2 0.64765625 0.940625 0.1578125 0.1171875
2 0.6359375 0.36015625 0.10390625 0.1140625
2 0.62734375 0.13671875 0.08046875 0.109375
2 0.68359375 0.2453125 0.1171875 0.16953125
2 0.71015625 0.071875 0.14453125 0.14375
2 0.709375 0.67109375 0.06953125 0.13828125
2 0.73046875 0.1828125 0.08828125 0.05859375
2 0.759375 0.58125 0.13046875 0.20703125
2 0.77578125 0.34296875 0.1625 0.22578125
2 0.79375 0.91328125 0.15 0.171875
2 0.81796875 0.1109375 0.0828125 0.17578125
2 0.86796875 0.6765625 0.16796875 0.21328125
2 0.81796875 0.03671875 0.06171875 0.0734375
2 0.88203125 0.5125 0.1265625 0.165625
2 0.95 0.98359375 0.09453125 0.03046875
2 0.9625 0.7453125 0.07421875 0.196875
2 0.9625 0.88984375 0.0734375 0.16171875
2 0.97734375 0.49375 0.04375 0.25703125
