2 0.40703125 0.84921875 0.11640625 0.10625
2 0.1609375 0.7171875 0.1359375 0.14609375
2 0.23046875 0.7859375 0.05859375 0.0921875
2 0.290625 0.84375 0.0859375 0.10234375
2 0.4484375 0.93046875 0.1046875 0.1015625
2 0.4828125 0.740625 0.0703125 0.1109375
2 0.5484375 0.78125 0.09375 0.1171875
2 0.5640625 0.9046875 0.10234375 0.0984375
2 0.6390625 0.9640625 0.13125 0.0609375
2 0.65078125 0.8484375 0.0984375 0.1171875
2 0.6640625 0.72109375 0.0921875 0.1
2 0.690625 0.68359375 0.09375 0.09765625
2 0.765625 0.92421875 0.1015625 0.1109375
