2 0.32421875 0.38203125 0.015625 0.05625
2 0.36640625 0.496875 0.03828125 0.04765625
2 0.4625 0.525 0.021875 0.04609375
2 0.48359375 0.44140625 0.028125 0.02890625
2 0.4921875 0.565625 0.0234375 0.046875
2 0.4984375 0.48828125 0.03359375 0.05078125
2 0.4984375 0.334375 0.025 0.05234375
2 0.50625 0.54375 0.02578125 0.0328125
2 0.51796875 0.28125 0.04140625 0.05
2 0.53203125 0.35 0.03046875 0.0421875
2 0.6015625 0.21171875 0.046875 0.0609375
2 0.7234375 0.7796875 0.02265625 0.06015625
2 0.75078125 0.80078125 0.03203125 0.07265625
2 0.765625 0.47734375 0.015625 0.05390625
2 0.809375 0.46796875 0.03828125 0.04765625
2 0.81875 0.55234375 0.0453125 0.0546875
2 0.8625 0.5578125 0.02421875 0.05
2 0.921875 0.52578125 0.02734375 0.06015625
2 0.93671875 0.35 0.03125 0.06171875
