2 0.278125 0.290625 0.015625 0.04296875
2 0.33046875 0.25390625 0.0109375 0.03046875
2 0.33671875 0.3421875 0.0078125 0.0296875
2 0.37734375 0.23359375 0.01953125 0.02265625
2 0.4 0.2671875 0.0125 0.02578125
2 0.425 0.259375 0.015625 0.04140625
2 0.44375 0.365625 0.03125 0.02421875
2 0.446875 0.159375 0.0203125 0.03515625
2 0.45078125 0.34921875 0.01953125 0.02578125
2 0.46640625 0.40546875 0.01171875 0.040625
2 0.4875 0.1671875 0.0140625 0.04140625
2 0.5203125 0.46875 0.0203125 0.02734375
2 0.51796875 0.078125 0.0140625 0.03046875
2 0.54375 0.171875 0.01328125 0.0328125
2 0.5546875 0.43828125 0.0109375 0.0171875
2 0.55703125 0.2328125 0.01640625 0.03046875
2 0.55859375 0.3015625 0.01953125 0.02890625
2 0.56015625 0.4609375 0.015625 0.02890625
2 0.57265625 0.34765625 0.0234375 0.03984375
2 0.5734375 0.190625 0.01953125 0.03671875
2 0.5734375 0.121875 0.0109375 0.0359375
2 0.58828125 0.2390625 0.03046875 0.03984375
2 0.5953125 0.0578125 0.00625 0.03203125
2 0.603125 0.09453125 0.009375 0.01953125
2 0.63046875 0.2296875 0.0296875 0.03046875
2 0.6328125 0.32890625 0.0125 0.0359375
2 0.6328125 0.29921875 0.0109375 0.015625
2 0.6375 0.65078125 0.015625 0.046875
2 0.65 0.32890625 0.015625 0.0359375
2 0.653125 0.09765625 0.01484375 0.0359375
2 0.65546875 0.29609375 0.00234375 0.01953125
2 0.68046875 0.2234375 0.03046875 0.02265625
2 0.6875 0.17421875 0.01171875 0.034375
2 0.715625 0.30625 0.00859375 0.02265625
2 0.721875 0.67265625 0.01953125 0.04140625
2 0.74921875 0.625 0.01953125 0.046875
2 0.7484375 0.7859375 0.01015625 0.02109375
2 0.7765625 0.69375 0.0234375 0.02734375
2 0.77109375 0.26953125 0.0109375 0.03046875
2 0.775 0.30390625 0.015625 0.0171875
2 0.78125 0.51015625 0.0140625 0.0375
2 0.78515625 0.75546875 0.0171875 0.03984375
2 0.8296875 0.0609375 0.0125 0.0453125
2 0.83984375 0.26953125 0.009375 0.02109375
2 0.84375 0.13046875 0.015625 0.02265625
2 0.85 0.2296875 0.0203125 0.040625
2 0.84921875 0.3109375 0.0125 0.0328125
2 0.85703125 0.15390625 0.0109375 0.0171875
2 0.86875 0.61875 0.02890625 0.02421875
2 0.8625 0.4484375 0.0140625 0.02734375
2 0.87109375 0.315625 0.0140625 0.03203125
2 0.87265625 0.07734375 0.01328125 0.02578125
2 0.87265625 0.503125 0.01328125 0.02890625
2 0.87734375 0.23203125 0.01953125 0.02578125
2 0.884375 0.440625 0.01796875 0.02890625
2 0.88828125 0.3515625 0.0125 0.02578125
2 0.890625 0.5453125 0.0140625 0.02578125
2 0.8953125 0.2484375 0.01953125 0.03046875
2 0.9015625 0.6 0.03125 0.0203125
2 0.90390625 0.359375 0.0125 0.02578125
2 0.90234375 0.30078125 0.0078125 0.040625
2 0.9078125 0.56796875 0.0125 0.02578125
2 0.91953125 0.296875 0.01171875 0.03046875
2 0.92265625 0.36796875 0.01796875 0.03359375
2 0.925 0.53515625 0.0140625 0.02578125
2 0.92734375 0.37421875 0.01796875 0.03046875
2 0.9328125 0.5859375 0.0140625 0.02109375
2 0.93984375 0.42421875 0.015625 0.03046875
2 0.940625 0.62109375 0.0140625 0.04140625
2 0.9484375 0.49453125 0.0140625 0.02734375
2 0.97421875 0.23828125 0.01171875 0.03203125
2 0.98515625 0.23828125 0.0125 0.0203125
2 0.98515625 0.37890625 0.01015625 0.0328125
