2 0.47421875 0.7265625 0.15234375 0.11171875
2 0.14140625 0.5625 0.1171875 0.128125
2 0.33125 0.67421875 0.11796875 0.1296875
2 0.3359375 0.59921875 0.09765625 0.08203125
2 0.35625 0.540625 0.1078125 0.08671875
2 0.446875 0.58203125 0.10078125 0.109375
2 0.6328125 0.48046875 0.10234375 0.11796875
2 0.68984375 0.7875 0.1078125 0.13828125
2 0.6734375 0.42578125 0.0515625 0.0734375
2 0.73125 0.51953125 0.128125 0.11796875
2 0.734375 0.4125 0.0828125 0.10546875
2 0.7578125 0.346875 0.05625 0.0359375
2 0.82578125 0.38046875 0.1125 0.1328125
2 0.84609375 0.5 0.1234375 0.1359375
2 0.89296875 0.4125 0.04921875 0.0953125
