2 0.28046875 0.325 0.071875 0.08984375
2 0.325 0.38671875 0.0328125 0.06484375
2 0.35859375 0.34921875 0.0421875 0.0609375
2 0.42265625 0.34296875 0.0359375 0.06875
2 0.4390625 0.4375 0.03203125 0.046875
2 0.496875 0.421875 0.034375 0.03671875
2 0.6359375 0.61875 0.06328125 0.053125
2 0.71171875 0.18984375 0.05390625 0.0765625
2 0.81796875 0.13828125 0.03828125 0.078125
2 0.83984375 0.2125 0.05234375 0.071875
2 0.8703125 0.2890625 0.0546875 0.05703125
2 0.9515625 0.32734375 0.06328125 0.05859375
2 0.95 0.6859375 0.0515625 0.0625
2 0.9734375 0.54921875 0.05078125 0.0859375
2 0.9859375 0.2734375 0.0265625 0.0703125
