2 0.41640625 0.8203125 0.065625 0.10625
2 0.48984375 0.45390625 0.08046875 0.08828125
2 0.55859375 0.65703125 0.01328125 0.02890625
2 0.6015625 0.0265625 0.05390625 0.03828125
2 0.60234375 0.40390625 0.0546875 0.05703125
2 0.5875 0.6703125 0.0171875 0.025
2 0.62578125 0.63671875 0.01640625 0.034375
2 0.640625 0.67578125 0.02421875 0.0328125
2 0.6765625 0.71640625 0.01484375 0.04375
2 0.690625 0.6875 0.0234375 0.03671875
2 0.721875 0.228125 0.04765625 0.075
2 0.79140625 0.2203125 0.0234375 0.06015625
2 0.865625 0.0859375 0.0734375 0.06953125
2 0.859375 0.5734375 0.0546875 0.05
