2 0.0296875 0.428125 0.059375 0.0984375
2 0.034375 0.2828125 0.06875 0.140625
2 0.0484375 0.68359375 0.096875 0.15703125
2 0.05546875 0.40234375 0.0859375 0.06953125
2 0.0984375 0.5234375 0.14765625 0.228125
2 0.0859375 0.3625 0.07890625 0.09296875
2 0.0765625 0.26640625 0.03359375 0.10859375
2 0.1421875 0.28828125 0.10625 0.1515625
2 0.18515625 0.6765625 0.16796875 0.16015625
2 0.165625 0.4421875 0.0671875 0.06640625
2 0.17890625 0.3921875 0.09140625 0.06640625
2 0.2640625 0.51796875 0.16171875 0.20859375
2 0.24296875 0.2984375 0.103125 0.13046875
2 0.30546875 0.38984375 0.096875 0.0828125
2 0.34921875 0.67109375 0.15546875 0.17109375
2 0.421875 0.43515625 0.1359375 0.1125
2 0.4140625 0.38359375 0.0984375 0.08046875
2 0.4078125 0.3421875 0.0765625 0.06328125
2 0.44453125 0.51640625 0.14921875 0.1921875
