2 0.20078125 0.34296875 0.07578125 0.09609375
2 0.275 0.91015625 0.0390625 0.04140625
2 0.27578125 0.86953125 0.0015625 0.0421875
2 0.3078125 0.57421875 0.04609375 0.0515625
2 0.31328125 0.4953125 0.0578125 0.06796875
2 0.315625 0.86640625 0.034375 0.0546875
2 0.34140625 0.06640625 0.06328125 0.07578125
2 0.334375 0.61484375 0.046875 0.0359375
2 0.33359375 0.546875 0.0375 0.05859375
2 0.3859375 0.36484375 0.096875 0.0984375
2 0.38671875 0.63515625 0.05 0.05703125
2 0.384375 0.46484375 0.0296875 0.0359375
2 0.409375 0.44140625 0.0515625 0.0828125
2 0.47109375 0.084375 0.065625 0.08515625
2 0.515625 0.20234375 0.08515625 0.103125
2 0.5109375 0.46875 0.05078125 0.07890625
2 0.515625 0.26015625 0.0546875 0.03984375
2 0.53125 0.56484375 0.0484375 0.05
2 0.5890625 0.67734375 0.03046875 0.03203125
2 0.625 0.7359375 0.046875 0.06171875
2 0.63046875 0.521875 0.05703125 0.06640625
2 0.62421875 0.7984375 0.03046875 0.0515625
2 0.6578125 0.61953125 0.05 0.0671875
2 0.66875 0.6828125 0.028125 0.04140625
2 0.6765625 0.7765625 0.02890625 0.04296875
2 0.69296875 0.7359375 0.0578125 0.06171875
2 0.7140625 0.6265625 0.0625 0.0734375
