2 0.021875 0.71640625 0.04375 0.27421875
2 0.03125 0.528125 0.0625 0.190625
2 0.05 0.26953125 0.1 0.33828125
2 0.07734375 0.07734375 0.1546875 0.1375
2 0.15 0.43984375 0.234375 0.27890625
2 0.16875 0.68359375 0.26484375 0.3625
2 0.23828125 0.171875 0.23046875 0.30703125
2 0.23125 0.02421875 0.1828125 0.0484375
2 0.31484375 0.8609375 0.2109375 0.2765625
2 0.34296875 0.5859375 0.178125 0.2578125
2 0.40625 0.325 0.21953125 0.27734375
2 0.37265625 0.115625 0.13515625 0.19609375
2 0.42578125 0.940625 0.2171875 0.11640625
2 0.44609375 0.04140625 0.1328125 0.0828125
2 0.5015625 0.6859375 0.2390625 0.353125
2 0.5421875 0.21953125 0.2078125 0.2875
2 0.53984375 0.459375 0.184375 0.2
2 0.6546875 0.89140625 0.2375 0.21484375
2 0.6453125 0.078125 0.21015625 0.15625
2 0.6953125 0.3703125 0.1953125 0.3015625
2 0.73125 0.68671875 0.2140625 0.309375
2 0.81015625 0.95 0.2515625 0.09765625
2 0.83125 0.13984375 0.22109375 0.27890625
2 0.8703125 0.8890625 0.184375 0.19765625
2 0.9 0.39921875 0.1984375 0.3015625
2 0.91875 0.67734375 0.1609375 0.36328125
2 0.9328125 0.08203125 0.128125 0.1640625
2 0.96171875 0.22890625 0.075 0.11171875
2 0.9765625 0.9734375 0.0453125 0.0515625
