2 0.065625 0.29453125 0.03046875 0.03671875
2 0.08046875 0.5109375 0.03515625 0.0359375
2 0.12734375 0.48515625 0.03515625 0.04609375
2 0.23125 0.39609375 0.0359375 0.046875
2 0.23515625 0.7484375 0.0203125 0.0484375
2 0.3140625 0.75078125 0.0375 0.05
2 0.325 0.95859375 0.02734375 0.06171875
2 0.34140625 0.98359375 0.02421875 0.02109375
2 0.35234375 0.72578125 0.01171875 0.04140625
2 0.39765625 0.38125 0.0203125 0.05546875
2 0.546875 0.128125 0.0234375 0.0375
2 0.55078125 0.1546875 0.021875 0.05703125
2 0.65859375 0.6734375 0.0203125 0.03828125
2 0.675 0.28046875 0.025 0.05
2 0.69609375 0.32109375 0.04140625 0.0515625
2 0.75078125 0.5640625 0.01953125 0.040625
2 0.75234375 0.5328125 0.01640625 0.03046875
2 0.8609375 0.0484375 0.02421875 0.03046875
2 0.9125 0.221875 0.0234375 0.0359375
2 0.9140625 0.1796875 0.01953125 0.0375
2 0.975 0.67734375 0.0203125 0.06171875
2 0.97421875 0.40703125 0.015625 0.02734375
2 0.9875 0.38671875 0.01953125 0.0546875
