2 0.34453125 0.81796875 0.159375 0.2359375
2 0.12421875 0.63046875 0.1375 0.19921875
2 0.171875 0.84765625 0.12109375 0.1359375
2 0.21015625 0.75234375 0.15859375 0.17578125
2 0.35703125 0.57734375 0.15 0.1859375
2 0.5171875 0.38515625 0.13828125 0.203125
2 0.5625 0.76640625 0.134375 0.18125
2 0.6203125 0.453125 0.16484375 0.1890625
2 0.69375 0.6359375 0.12109375 0.20859375
2 0.77265625 0.81015625 0.1296875 0.21796875
2 0.78125 0.46953125 0.146875 0.23203125
2 0.903125 0.728125 0.15859375 0.25546875
