2 0.0234375 0.6625 0.0265625 0.04609375
2 0.07421875 0.6046875 0.02578125 0.03984375
2 0.0984375 0.571875 0.03046875 0.0328125
2 0.109375 0.42578125 0.0265625 0.02890625
2 0.121875 0.77578125 0.0171875 0.03828125
2 0.14765625 0.52890625 0.034375 0.04921875
2 0.1890625 0.57109375 0.02578125 0.034375
2 0.2046875 0.39140625 0.0203125 0.03984375
2 0.20625 0.18671875 0.021875 0.0328125
2 0.21640625 0.46015625 0.03359375 0.053125
2 0.2390625 0.55625 0.04140625 0.028125
2 0.275 0.0453125 0.0265625 0.03828125
2 0.278125 0.9453125 0.028125 0.04609375
2 0.28359375 0.09765625 0.0296875 0.05078125
2 0.28359375 0.12734375 0.021875 0.034375
2 0.290625 0.015625 0.03125 0.03125
2 0.31796875 0.98203125 0.02421875 0.034375
2 0.33359375 0.84765625 0.03203125 0.05546875
2 0.34609375 0.10859375 0.01875 0.0421875
2 0.3546875 0.1296875 0.01796875 0.046875
2 0.3828125 0.15234375 0.015625 0.025
2 0.403125 0.16640625 0.0234375 0.0265625
2 0.440625 0.14765625 0.0234375 0.034375
2 0.46328125 0.12265625 0.03046875 0.04765625
2 0.56640625 0.6359375 0.0265625 0.03671875
2 0.61796875 0.57421875 0.03203125 0.03984375
2 0.6203125 0.609375 0.034375 0.02734375
2 0.6296875 0.69453125 0.01640625 0.0515625
2 0.6734375 0.55078125 0.02578125 0.03984375
2 0.709375 0.53203125 0.034375 0.05859375
2 0.72109375 0.8421875 0.04609375 0.05859375
2 0.75703125 0.8375 0.03203125 0.04375
2 0.76953125 0.61328125 0.0328125 0.04609375
2 0.790625 0.56015625 0.02421875 0.05625
2 0.8234375 0.5109375 0.0203125 0.05234375
2 0.83359375 0.6359375 0.02421875 0.03671875
2 0.85078125 0.49140625 0.01953125 0.03671875
2 0.8625 0.67578125 0.0328125 0.03671875
2 0.8609375 0.6125 0.01484375 0.03671875
2 0.8703125 0.89453125 0.0265625 0.06015625
