2 0.21875 0.49765625 0.1265625 0.18671875
2 0.12734375 0.47890625 0.078125 0.16171875
2 0.184375 0.64375 0.12109375 0.15625
2 0.1921875 0.32578125 0.090625 0.12578125
2 0.2625 0.7421875 0.1203125 0.12421875
2 0.3 0.33828125 0.12421875 0.17109375
2 0.35859375 0.47890625 0.140625 0.1625
2 0.3640625 0.69296875 0.12109375 0.1625
2 0.4046875 0.25 0.1015625 0.11015625
2 0.44375 0.3515625 0.10859375 0.12578125
2 0.4234375 0.73984375 0.05078125 0.04609375
2 0.46875 0.53125 0.10546875 0.13984375
2 0.47578125 0.6921875 0.10234375 0.15078125
