2 0.1890625 0.5390625 0.1140625 0.171875
2 0.096875 0.79765625 0.10859375 0.11953125
2 0.28125 0.30546875 0.01953125 0.13515625
2 0.33203125 0.296875 0.04296875 0.12890625
2 0.36015625 0.0171875 0.08125 0.034375
2 0.36640625 0.59609375 0.078125 0.10546875
2 0.40390625 0.48125 0.12109375 0.1875
2 0.484375 0.5390625 0.09765625 0.20703125
2 0.578125 0.32265625 0.13671875 0.19140625
2 0.6921875 0.7109375 0.121875 0.20703125
2 0.69453125 0.053125 0.109375 0.10625
2 0.7234375 0.54609375 0.121875 0.15078125
2 0.7296875 0.45390625 0.1015625 0.08828125
