2 0.36015625 0.825 0.234375 0.0859375
2 0.09765625 0.446875 0.19453125 0.1140625
2 0.1234375 0.32109375 0.246875 0.1546875
2 0.1359375 0.15703125 0.271875 0.1609375
2 0.1625 0.73203125 0.21640625 0.1046875
2 0.16875 0.81953125 0.203125 0.08125
2 0.165625 0.63515625 0.1640625 0.08984375
2 0.36875 0.71953125 0.2078125 0.103125
2 0.36953125 0.63515625 0.19453125 0.11796875
2 0.55546875 0.73125 0.17734375 0.08515625
2 0.55546875 0.821875 0.17734375 0.0859375
2 0.56796875 0.61796875 0.184375 0.1046875
2 0.74296875 0.81484375 0.1921875 0.0921875
2 0.753125 0.71328125 0.203125 0.1109375
2 0.765625 0.621875 0.18125 0.0828125
2 0.871875 0.27734375 0.253125 0.15078125
2 0.84765625 0.3765625 0.184375 0.0578125
2 0.8671875 0.13984375 0.1921875 0.134375
