2 0.74609375 0.73359375 0.2796875 0.3703125
2 0.034375 0.77578125 0.06796875 0.31015625
2 0.0421875 0.959375 0.084375 0.078125
2 0.090625 0.24453125 0.18125 0.3609375
2 0.175 0.80078125 0.24296875 0.2421875
2 0.18046875 0.56796875 0.22421875 0.40859375
2 0.234375 0.9578125 0.19375 0.0828125
2 0.2796875 0.2484375 0.19140625 0.2890625
2 0.4078125 0.56875 0.3140625 0.44453125
2 0.459375 0.184375 0.2953125 0.36640625
2 0.46875 0.87421875 0.2671875 0.24921875
2 0.60859375 0.92578125 0.2671875 0.14453125
2 0.56640625 0.54921875 0.1296875 0.36015625
2 0.68515625 0.38828125 0.2703125 0.340625
2 0.6515625 0.1609375 0.14375 0.21640625
2 0.853125 0.0765625 0.26875 0.15234375
2 0.778125 0.1828125 0.0921875 0.153125
2 0.8875 0.33046875 0.22109375 0.3875
2 0.89609375 0.91171875 0.20703125 0.175
2 0.9234375 0.6703125 0.15234375 0.3046875
