2 0.61640625 0.55859375 0.17890625 0.27265625
2 0.0359375 0.03203125 0.071875 0.0640625
2 0.059375 0.40859375 0.11875 0.26015625
2 0.06484375 0.159375 0.1296875 0.23828125
2 0.0390625 0.6265625 0.0734375 0.190625
2 0.1390625 0.6953125 0.1640625 0.2140625
2 0.13046875 0.09296875 0.1421875 0.1859375
2 0.12734375 0.2953125 0.08046875 0.16328125
2 0.19296875 0.49453125 0.14375 0.22734375
2 0.2703125 0.1140625 0.14140625 0.121875
2 0.2984375 0.0359375 0.14609375 0.07109375
2 0.30625 0.70234375 0.13828125 0.2
2 0.30625 0.37890625 0.0921875 0.14609375
2 0.3640625 0.51953125 0.1859375 0.23046875
2 0.3953125 0.2578125 0.16875 0.26953125
2 0.421875 0.1390625 0.1328125 0.1359375
2 0.42421875 0.02890625 0.09609375 0.0578125
2 0.46015625 0.68203125 0.16328125 0.22109375
2 0.5078125 0.38359375 0.15859375 0.225
2 0.5375 0.06015625 0.15 0.1203125
2 0.57890625 0.18359375 0.18515625 0.23671875
2 0.646875 0.328125 0.15859375 0.21328125
2 0.67734375 0.0296875 0.1171875 0.059375
2 0.67734375 0.16015625 0.1046875 0.20390625
