2 0.0109375 0.45546875 0.021875 0.0359375
2 0.0109375 0.378125 0.0078125 0.03125
2 0.021875 0.275 0.0234375 0.0234375
2 0.02578125 0.5078125 0.0296875 0.03515625
2 0.03984375 0.11328125 0.01875 0.04453125
2 0.04140625 0.23828125 0.021875 0.03125
2 0.053125 0.246875 0.02421875 0.03203125
2 0.0734375 0.4359375 0.01953125 0.0390625
2 0.07265625 0.14140625 0.015625 0.0234375
2 0.09921875 0.2234375 0.0140625 0.03671875
2 0.121875 0.196875 0.0140625 0.02734375
2 0.1265625 0.32578125 0.0234375 0.03046875
2 0.8234375 0.46484375 0.01796875 0.02734375
2 0.88359375 0.54140625 0.01484375 0.0296875
2 0.96875 0.3390625 0.03671875 0.053125
2 0.98359375 0.03203125 0.03125 0.05546875
2 0.990625 0.2953125 0.0140625 0.040625
