2 0.13359375 0.53203125 0.10625 0.209375
2 0.0265625 0.80703125 0.053125 0.2390625
2 0.03828125 0.675 0.0765625 0.13203125
2 0.0640625 0.23828125 0.11484375 0.24609375
2 0.046875 0.61015625 0.07421875 0.08203125
2 0.0625 0.4609375 0.0515625 0.215625
2 0.1171875 0.86328125 0.1578125 0.20078125
2 0.153125 0.35703125 0.090625 0.18671875
2 0.21640625 0.92578125 0.14375 0.146875
2 0.21640625 0.29453125 0.1046875 0.11875
2 0.2140625 0.51484375 0.0703125 0.203125
2 0.2640625 0.7859375 0.1703125 0.26875
2 0.23203125 0.39609375 0.0578125 0.09453125
2 0.2984375 0.33828125 0.09375 0.16328125
2 0.31484375 0.475 0.1 0.209375
2 0.353125 0.5671875 0.14609375 0.27265625
2 0.31640625 0.240625 0.0640625 0.11171875
2 0.3171875 0.96640625 0.0578125 0.0640625
2 0.3984375 0.2359375 0.1328125 0.20546875
2 0.42421875 0.7421875 0.17265625 0.26640625
2 0.4125 0.36796875 0.096875 0.10390625
2 0.4328125 0.9328125 0.115625 0.13203125
2 0.44140625 0.51484375 0.0984375 0.1890625
2 0.4484375 0.15234375 0.075 0.1328125
2 0.484375 0.4890625 0.0921875 0.11640625
2 0.51015625 0.25859375 0.0828125 0.13671875
2 0.5515625 0.89921875 0.1390625 0.146875
2 0.534375 0.090625 0.08828125 0.17421875
2 0.5546875 0.7828125 0.10234375 0.14375
2 0.55546875 0.38828125 0.1 0.21796875
2 0.55 0.62421875 0.08125 0.22421875
2 0.6125 0.046875 0.1203125 0.09296875
2 0.6203125 0.19453125 0.1046875 0.16015625
2 0.6125 0.34765625 0.08203125 0.1625
2 0.628125 0.5078125 0.09609375 0.16796875
2 0.6546875 0.11796875 0.1109375 0.178125
2 0.696875 0.8125 0.1953125 0.203125
2 0.6484375 0.66875 0.09140625 0.134375
2 0.6703125 0.33828125 0.0484375 0.14921875
2 0.740625 0.54140625 0.1078125 0.2203125
2 0.72734375 0.184375 0.05625 0.14921875
2 0.77421875 0.45859375 0.15 0.18125
2 0.7765625 0.12265625 0.0609375 0.16328125
2 0.8 0.03515625 0.08046875 0.0703125
2 0.84375 0.65625 0.13046875 0.1984375
2 0.84453125 0.8015625 0.13203125 0.12109375
2 0.821875 0.30625 0.06328125 0.1140625
2 0.85546875 0.240625 0.08515625 0.08203125
2 0.88046875 0.16875 0.09609375 0.13203125
2 0.90234375 0.44921875 0.12421875 0.18671875
2 0.9203125 0.3203125 0.11171875 0.1703125
2 0.925 0.6234375 0.1078125 0.19609375
2 0.94921875 0.2515625 0.0921875 0.075
2 0.9796875 0.56015625 0.03984375 0.1390625
2 0.97890625 0.42578125 0.03203125 0.14375
2 0.9875 0.70859375 0.0234375 0.14375
