2 0.7125 0.72109375 0.1921875 0.14609375
2 0.07109375 0.8140625 0.0671875 0.1546875
2 0.06953125 0.6875 0.0578125 0.071875
2 0.1765625 0.74296875 0.146875 0.07421875
2 0.19453125 0.615625 0.1484375 0.06328125
2 0.325 0.73828125 0.1703125 0.07734375
2 0.32265625 0.5875 0.1015625 0.0546875
2 0.3375 0.63828125 0.0875 0.04609375
2 0.5234375 0.73203125 0.209375 0.13046875
2 0.70390625 0.52421875 0.11640625 0.065625
2 0.69375 0.57734375 0.09296875 0.06171875
2 0.71640625 0.62734375 0.07109375 0.0484375
2 0.79921875 0.65234375 0.11484375 0.11875
2 0.81328125 0.48828125 0.07265625 0.0375
2 0.87890625 0.7203125 0.13984375 0.134375
2 0.85078125 0.5453125 0.065625 0.04296875
2 0.88359375 0.621875 0.1015625 0.05859375
2 0.9125 0.57734375 0.09453125 0.0828125
