2 0.1015625 0.753125 0.1390625 0.1765625
2 0.021875 0.753125 0.04375 0.171875
2 0.025 0.5765625 0.05 0.15
2 0.07421875 0.91640625 0.11484375 0.1359375
2 0.128125 0.55234375 0.1546875 0.19140625
2 0.1921875 0.97265625 0.11875 0.053125
2 0.21328125 0.85390625 0.1546875 0.17734375
2 0.20625 0.48046875 0.0921875 0.18046875
2 0.2375 0.6734375 0.1546875 0.16328125
2 0.31953125 0.52109375 0.128125 0.18984375
2 0.30703125 0.4046875 0.1 0.09453125
2 0.3203125 0.915625 0.1140625 0.16328125
2 0.35625 0.7578125 0.1359375 0.18046875
2 0.396875 0.38046875 0.0859375 0.12890625
2 0.42109375 0.8875 0.075 0.13828125
2 0.47578125 0.62578125 0.15 0.175
2 0.4453125 0.4765625 0.08125 0.11484375
2 0.5109375 0.81796875 0.128125 0.1546875
2 0.54921875 0.49609375 0.11953125 0.1703125
2 0.571875 0.76171875 0.0984375 0.17578125
2 0.59765625 0.9203125 0.1296875 0.1546875
2 0.66875 0.7 0.134375 0.16484375
2 0.725 0.93125 0.13046875 0.1359375
2 0.7375 0.4484375 0.11640625 0.1828125
2 0.7453125 0.815625 0.11484375 0.1171875
2 0.80234375 0.6984375 0.12421875 0.17734375
2 0.81875 0.4609375 0.07734375 0.14609375
2 0.82734375 0.16640625 0.08125 0.1015625
2 0.8453125 0.9453125 0.1078125 0.10859375
2 0.85 0.36328125 0.08515625 0.1015625
2 0.8703125 0.82734375 0.1046875 0.1859375
2 0.9 0.58828125 0.1328125 0.1375
2 0.88046875 0.4546875 0.0921875 0.11953125
2 0.909375 0.140625 0.06484375 0.06328125
2 0.9203125 0.23125 0.07734375 0.07890625
2 0.93671875 0.31953125 0.090625 0.12734375
2 0.92109375 0.07109375 0.05703125 0.07890625
2 0.94921875 0.9546875 0.096875 0.0890625
2 0.9515625 0.7171875 0.09609375 0.1625
2 0.959375 0.44609375 0.08046875 0.125
2 0.96171875 0.853125 0.05546875 0.11328125
2 0.9578125 0.1859375 0.0453125 0.046875
2 0.96953125 0.14375 0.05546875 0.06953125
2 0.97265625 0.5703125 0.05390625 0.1046875
2 0.98671875 0.24921875 0.02578125 0.1015625
