2 0.06640625 0.60703125 0.0453125 0.02578125
2 0.14609375 0.45 0.040625 0.0328125
2 0.2046875 0.55703125 0.04765625 0.0453125
2 0.2046875 0.815625 0.0390625 0.02890625
2 0.26640625 0.8015625 0.034375 0.02890625
2 0.31796875 0.88984375 0.0484375 0.02734375
2 0.3203125 0.765625 0.034375 0.034375
2 0.3234375 0.65625 0.040625 0.0265625
2 0.36875 0.4421875 0.05234375 0.04453125
2 0.42109375 0.74921875 0.0484375 0.03203125
2 0.44921875 0.51875 0.040625 0.04296875
2 0.4671875 0.559375 0.05 0.04609375
2 0.5078125 0.58828125 0.05703125 0.0390625
2 0.65078125 0.2515625 0.0484375 0.0328125
2 0.7125 0.0421875 0.06171875 0.0375
2 0.72734375 0.14296875 0.06796875 0.04921875
2 0.76484375 0.01953125 0.0890625 0.0390625
2 0.8359375 0.315625 0.059375 0.0484375
2 0.83671875 0.159375 0.05 0.0359375
2 0.846875 0.2640625 0.03828125 0.02890625
2 0.8640625 0.1015625 0.040625 0.0296875
2 0.928125 0.1921875 0.059375 0.053125
