2 0.1421875 0.3625 0.03984375 0.0515625
2 0.16171875 0.40625 0.0375 0.04609375
2 0.1796875 0.36484375 0.0265625 0.046875
2 0.19140625 0.459375 0.03515625 0.0578125
2 0.20703125 0.409375 0.0421875 0.0328125
2 0.2 0.38125 0.021875 0.0171875
2 0.21015625 0.33984375 0.03359375 0.0453125
2 0.2171875 0.540625 0.034375 0.0359375
2 0.21953125 0.3921875 0.03203125 0.01484375
2 0.21640625 0.4953125 0.0234375 0.06484375
2 0.22890625 0.35078125 0.02734375 0.046875
2 0.24296875 0.4296875 0.053125 0.040625
2 0.24609375 0.56015625 0.04609375 0.0515625
2 0.24375 0.30625 0.03125 0.0390625
2 0.2609375 0.62109375 0.0578125 0.08046875
2 0.26328125 0.50859375 0.04609375 0.07265625
2 0.26484375 0.3296875 0.03515625 0.04765625
2 0.28359375 0.54140625 0.05703125 0.07890625
2 0.27890625 0.39140625 0.0390625 0.0484375
2 0.2953125 0.4328125 0.04453125 0.059375
2 0.3015625 0.66875 0.04609375 0.0625
2 0.296875 0.4671875 0.02421875 0.04140625
2 0.30703125 0.3203125 0.0359375 0.02578125
2 0.309375 0.56953125 0.0390625 0.07421875
2 0.3125 0.334375 0.0453125 0.02734375
2 0.3078125 0.28671875 0.02734375 0.04140625
2 0.3265625 0.71640625 0.06484375 0.07734375
2 0.3234375 0.37734375 0.05390625 0.0515625
2 0.31875 0.50546875 0.0359375 0.0375
2 0.32890625 0.7859375 0.04609375 0.0515625
2 0.334375 0.4515625 0.0421875 0.07109375
2 0.34609375 0.61640625 0.06640625 0.053125
2 0.3375 0.29609375 0.02578125 0.05
2 0.359375 0.5546875 0.053125 0.07421875
2 0.3578125 0.3265625 0.04375 0.040625
2 0.35703125 0.4109375 0.03515625 0.0359375
2 0.36875 0.66796875 0.0578125 0.07421875
2 0.38046875 0.83515625 0.0796875 0.06640625
2 0.36953125 0.4796875 0.05078125 0.065625
2 0.3703125 0.74296875 0.03984375 0.06953125
2 0.36875 0.29921875 0.0203125 0.0359375
2 0.39140625 0.3890625 0.04296875 0.05
2 0.41015625 0.6 0.07734375 0.08359375
2 0.39375 0.33671875 0.0390625 0.0515625
2 0.40390625 0.7640625 0.0515625 0.07578125
2 0.4 0.34453125 0.02890625 0.03671875
2 0.4078125 0.30859375 0.02578125 0.02421875
2 0.42890625 0.51328125 0.06796875 0.084375
2 0.4234375 0.43359375 0.0515625 0.0578125
2 0.42578125 0.71484375 0.0390625 0.0390625
2 0.44140625 0.571875 0.0625 0.03671875
2 0.428125 0.81953125 0.0234375 0.0359375
2 0.44296875 0.34453125 0.0421875 0.03671875
2 0.4484375 0.38984375 0.03984375 0.06171875
2 0.446875 0.31328125 0.028125 0.02578125
2 0.46796875 0.76484375 0.06796875 0.07734375
2 0.46171875 0.63671875 0.0515625 0.07421875
2 0.46015625 0.70703125 0.0328125 0.0546875
2 0.484375 0.48828125 0.05078125 0.0625
2 0.4828125 0.36171875 0.0390625 0.05703125
2 0.48203125 0.31640625 0.02734375 0.03359375
2 0.48359375 0.40234375 0.02421875 0.065625
2 0.4984375 0.53671875 0.04765625 0.07734375
2 0.49921875 0.4328125 0.04609375 0.059375
2 0.5203125 0.7515625 0.0671875 0.06171875
2 0.50625 0.33203125 0.021875 0.0390625
2 0.5296875 0.59765625 0.06328125 0.07890625
2 0.525 0.5359375 0.05078125 0.02734375
2 0.5234375 0.67578125 0.04140625 0.0546875
2 0.52421875 0.35625 0.0203125 0.04609375
2 0.54140625 0.30546875 0.0375 0.040625
2 0.54375 0.471875 0.0421875 0.053125
2 0.54765625 0.33984375 0.034375 0.03515625
2 0.553125 0.38203125 0.0453125 0.0359375
2 0.55859375 0.42265625 0.0515625 0.0546875
2 0.56875 0.53125 0.05546875 0.0375
2 0.57265625 0.715625 0.06171875 0.07265625
2 0.5640625 0.65390625 0.03046875 0.05703125
2 0.58203125 0.590625 0.04140625 0.07421875
2 0.5890625 0.371875 0.0421875 0.046875
2 0.603125 0.47890625 0.0484375 0.0671875
2 0.603125 0.409375 0.0453125 0.0421875
2 0.6171875 0.66328125 0.059375 0.07421875
2 0.61328125 0.36015625 0.04140625 0.046875
2 0.61328125 0.43515625 0.0359375 0.0421875
2 0.63671875 0.60078125 0.05703125 0.06328125
2 0.64375 0.54453125 0.0578125 0.06328125
2 0.6515625 0.503125 0.05 0.0515625
2 0.65390625 0.475 0.0453125 0.046875
2 0.64765625 0.44609375 0.02578125 0.03359375
2 0.66328125 0.67265625 0.05703125 0.07109375
2 0.6578125 0.4171875 0.0328125 0.03828125
2 0.6765625 0.58359375 0.04609375 0.046875
2 0.67734375 0.45625 0.0390625 0.0390625
2 0.69453125 0.62734375 0.06484375 0.04140625
2 0.69453125 0.48671875 0.0359375 0.0640625
2 0.72421875 0.54296875 0.06171875 0.07265625
2 0.7203125 0.4828125 0.0234375 0.040625
2 0.725 0.44609375 0.028125 0.01796875
2 0.73984375 0.59609375 0.046875 0.07265625
2 0.76640625 0.48515625 0.04765625 0.0578125
2 0.77265625 0.590625 0.03515625 0.053125
2 0.796875 0.53671875 0.0453125 0.0578125
