2 0.61953125 0.50625 0.18671875 0.1015625
2 0.02421875 0.63125 0.0484375 0.053125
2 0.059375 0.57578125 0.0828125 0.0765625
2 0.07421875 0.6375 0.06640625 0.06640625
2 0.1359375 0.65 0.06640625 0.071875
2 0.13828125 0.58203125 0.0609375 0.0546875
2 0.4234375 0.671875 0.10703125 0.09375
2 0.44375 0.5546875 0.1125 0.071875
2 0.478125 0.48046875 0.1046875 0.0671875
2 0.54140625 0.6046875 0.1390625 0.12109375
2 0.5765625 0.6875 0.10703125 0.08046875
2 0.5859375 0.40078125 0.12578125 0.08203125
2 0.70390625 0.6140625 0.16171875 0.0921875
2 0.71171875 0.434375 0.1453125 0.09765625
2 0.74140625 0.3109375 0.16875 0.1078125
2 0.78046875 0.51796875 0.16171875 0.13125
2 0.78359375 0.71015625 0.115625 0.09921875
2 0.8921875 0.30546875 0.1390625 0.0890625
2 0.9125 0.409375 0.11796875 0.08203125
2 0.93984375 0.496875 0.11875 0.1234375
