2 0.53671875 0.55078125 0.1421875 0.19296875
2 0.4296875 0.5671875 0.0828125 0.1171875
2 0.4359375 0.43203125 0.0765625 0.12890625
2 0.48828125 0.36640625 0.10078125 0.17109375
2 0.471875 0.2640625 0.05625 0.103125
2 0.50859375 0.7078125 0.109375 0.1078125
2 0.51015625 0.184375 0.103125 0.1609375
2 0.553125 0.296875 0.0875 0.103125
2 0.553125 0.8046875 0.065625 0.1515625
2 0.6140625 0.2171875 0.11953125 0.13359375
2 0.61015625 0.6140625 0.0890625 0.1484375
2 0.63359375 0.45078125 0.12890625 0.17421875
2 0.63359375 0.784375 0.1265625 0.17890625
2 0.68125 0.6421875 0.1265625 0.20859375
2 0.678125 0.28203125 0.10703125 0.18046875
2 0.7609375 0.471875 0.1359375 0.16640625
2 0.7875 0.56953125 0.06953125 0.084375
