2 0.18515625 0.1859375 0.3390625 0.36875
2 0.02265625 0.07109375 0.0453125 0.0578125
2 0.0328125 0.6328125 0.065625 0.29375
2 0.05703125 0.8625 0.1140625 0.271875
2 0.08984375 0.02265625 0.1640625 0.0453125
2 0.225 0.678125 0.3 0.3
2 0.22421875 0.90625 0.2015625 0.159375
2 0.41640625 0.9359375 0.3421875 0.125
2 0.35390625 0.03671875 0.2078125 0.0734375
2 0.4234375 0.31171875 0.2625 0.2734375
2 0.37109375 0.1265625 0.1453125 0.115625
2 0.4984375 0.753125 0.365625 0.35
2 0.51640625 0.07421875 0.1828125 0.1484375
2 0.58046875 0.17109375 0.2109375 0.2265625
2 0.64453125 0.0125 0.1359375 0.025
2 0.70078125 0.34609375 0.1984375 0.2203125
2 0.775 0.75390625 0.26875 0.3296875
2 0.81953125 0.47421875 0.3578125 0.4203125
2 0.83359375 0.12421875 0.3046875 0.2484375
