2 0.3234375 0.0546875 0.03125 0.03984375
2 0.3984375 0.15546875 0.0328125 0.04140625
2 0.4140625 0.078125 0.0390625 0.03671875
2 0.4125 0.1171875 0.0203125 0.0484375
2 0.4125 0.18359375 0.0203125 0.0203125
2 0.43671875 0.1125 0.0140625 0.021875
2 0.4546875 0.61953125 0.02265625 0.04140625
2 0.471875 0.7 0.02890625 0.053125
2 0.48359375 0.38984375 0.0203125 0.03359375
2 0.5234375 0.40390625 0.0234375 0.028125
2 0.5796875 0.54765625 0.0359375 0.028125
2 0.5765625 0.3046875 0.02734375 0.0203125
2 0.6046875 0.24765625 0.0359375 0.0515625
2 0.8328125 0.6203125 0.02734375 0.04296875
2 0.83671875 0.715625 0.0265625 0.04140625
2 0.8546875 0.7421875 0.0234375 0.03203125
2 0.85703125 0.67421875 0.0140625 0.0546875
2 0.9078125 0.7453125 0.0328125 0.03671875
2 0.94375 0.728125 0.02734375 0.0265625
2 0.9828125 0.42265625 0.03125 0.06171875
