2 0.09765625 0.2296875 0.02421875 0.04453125
2 0.14609375 0.16328125 0.03828125 0.0546875
2 0.31875 0.13984375 0.034375 0.04765625
2 0.35234375 0.14296875 0.0359375 0.05546875
2 0.36015625 0.31875 0.04140625 0.03828125
2 0.3640625 0.29453125 0.0375 0.05
2 0.38125 0.53359375 0.0296875 0.04609375
2 0.390625 0.565625 0.02421875 0.040625
2 0.41875 0.5390625 0.0265625 0.03515625
2 0.425 0.059375 0.03828125 0.065625
2 0.43359375 0.15234375 0.0421875 0.05546875
2 0.43984375 0.52734375 0.0203125 0.0421875
2 0.46171875 0.0125 0.03515625 0.02421875
2 0.46015625 0.046875 0.0265625 0.0515625
2 0.465625 0.5953125 0.028125 0.04296875
2 0.48984375 0.32109375 0.02578125 0.046875
2 0.5171875 0.33984375 0.03515625 0.04453125
2 0.5484375 0.571875 0.028125 0.03125
2 0.56953125 0.48984375 0.02421875 0.040625
2 0.6140625 0.13359375 0.03984375 0.06015625
2 0.62421875 0.39921875 0.0328125 0.05234375
2 0.634375 0.20546875 0.04140625 0.06171875
2 0.653125 0.27109375 0.02578125 0.04609375
2 0.6828125 0.44296875 0.0328125 0.03828125
2 0.7125 0.27421875 0.0390625 0.0515625
2 0.76953125 0.3375 0.03984375 0.06796875
2 0.81640625 0.21640625 0.03203125 0.04765625
2 0.84296875 0.42890625 0.03359375 0.05703125
2 0.96015625 0.225 0.03203125 0.05390625
2 0.98671875 0.390625 0.02578125 0.05
