2 0.0515625 0.42734375 0.103125 0.2296875
2 0.1875 0.4640625 0.1703125 0.24765625
2 0.16875 0.88359375 0.0921875 0.159375
2 0.2296875 0.1421875 0.1828125 0.27265625
2 0.221875 0.946875 0.13046875 0.1046875
2 0.49140625 0.28984375 0.0921875 0.0828125
2 0.53125 0.2515625 0.0734375 0.096875
2 0.60078125 0.69921875 0.09765625 0.16328125
2 0.6234375 0.24921875 0.14375 0.16015625
2 0.68671875 0.7828125 0.13046875 0.2109375
2 0.8109375 0.79609375 0.1109375 0.17265625
2 0.9453125 0.47890625 0.1078125 0.23203125
2 0.97734375 0.18515625 0.04375 0.11328125
