2 0.39296875 0.634375 0.15703125 0.08125
2 0.11953125 0.5796875 0.12421875 0.084375
2 0.21484375 0.528125 0.103125 0.06015625
2 0.290625 0.56015625 0.05390625 0.0515625
2 0.35 0.4875 0.090625 0.06171875
2 0.3828125 0.5578125 0.109375 0.05703125
2 0.434375 0.4796875 0.09296875 0.0859375
2 0.46015625 0.42734375 0.109375 0.05703125
2 0.49375 0.53203125 0.1125 0.0671875
2 0.503125 0.6 0.10078125 0.07265625
2 0.59765625 0.634375 0.15234375 0.07734375
2 0.5828125 0.43828125 0.0796875 0.065625
2 0.59375 0.4921875 0.08828125 0.06015625
2 0.640625 0.5671875 0.09765625 0.05859375
2 0.68828125 0.4515625 0.084375 0.06015625
2 0.721875 0.634375 0.15234375 0.07734375
2 0.70078125 0.4953125 0.084375 0.05859375
2 0.76328125 0.55703125 0.10078125 0.06484375
2 0.7875 0.49765625 0.07265625 0.053125
2 0.81875 0.54140625 0.11875 0.065625
2 0.84921875 0.6140625 0.13515625 0.0671875
2 0.8921875 0.60078125 0.10546875 0.0703125
2 0.92265625 0.58125 0.0796875 0.08203125
