2 0.33828125 0.33984375 0.08828125 0.1203125
2 0.0265625 0.43515625 0.05234375 0.1703125
2 0.02734375 0.5734375 0.0546875 0.12265625
2 0.0453125 0.78125 0.08984375 0.14765625
2 0.075 0.9125 0.14296875 0.1703125
2 0.12734375 0.53984375 0.13125 0.11484375
2 0.14375 0.4359375 0.10703125 0.1078125
2 0.16171875 0.81640625 0.12734375 0.1875
2 0.20625 0.93515625 0.1234375 0.125
2 0.2109375 0.3765625 0.0765625 0.0875
2 0.26484375 0.81640625 0.12734375 0.2078125
2 0.26953125 0.6234375 0.11796875 0.1671875
2 0.27890625 0.3234375 0.103125 0.1375
2 0.3359375 0.1671875 0.09765625 0.1203125
2 0.3734375 0.90390625 0.15390625 0.15234375
2 0.35546875 0.5828125 0.08828125 0.11484375
2 0.37890625 0.7453125 0.1234375 0.16484375
2 0.4359375 0.1453125 0.084375 0.1
2 0.46328125 0.52734375 0.09765625 0.13984375
2 0.4859375 0.6484375 0.11640625 0.12734375
2 0.51953125 0.90390625 0.13125 0.1875
2 0.54140625 0.1234375 0.06171875 0.0875
2 0.57421875 0.49765625 0.09375 0.11015625
2 0.59921875 0.74765625 0.11796875 0.16015625
2 0.60625 0.4234375 0.0828125 0.10234375
2 0.65078125 0.93984375 0.15 0.11484375
2 0.61640625 0.3296875 0.0734375 0.0953125
2 0.62734375 0.17890625 0.06953125 0.1125
2 0.67109375 0.29140625 0.065625 0.1078125
2 0.70859375 0.8453125 0.140625 0.1546875
2 0.68046875 0.56015625 0.0765625 0.125
2 0.70078125 0.4015625 0.08046875 0.07265625
2 0.69453125 0.11015625 0.05234375 0.08515625
2 0.71796875 0.725 0.0921875 0.125
2 0.73515625 0.2640625 0.05234375 0.0828125
2 0.74609375 0.17890625 0.065625 0.07734375
2 0.7421875 0.1328125 0.046875 0.06015625
2 0.79921875 0.83359375 0.10859375 0.15234375
2 0.79921875 0.57109375 0.08984375 0.1375
2 0.80078125 0.68515625 0.07890625 0.1453125
2 0.7984375 0.26640625 0.06171875 0.1078125
2 0.85859375 0.3375 0.0734375 0.11015625
2 0.865625 0.71015625 0.05078125 0.15
2 0.90625 0.70625 0.0484375 0.1328125
2 0.921875 0.5984375 0.0765625 0.1078125
2 0.95 0.49140625 0.0953125 0.1125
2 0.98046875 0.5890625 0.0359375 0.1171875
