2 0.18359375 0.784375 0.3453125 0.37421875
2 0.075 0.94765625 0.15 0.103125
2 0.19453125 0.61796875 0.2765625 0.15703125
2 0.3078125 0.978125 0.2203125 0.040625
2 0.37265625 0.89296875 0.17421875 0.184375
2 0.52578125 0.74375 0.309375 0.275
2 0.50078125 0.5828125 0.1796875 0.0765625
2 0.5953125 0.9375 0.26328125 0.1234375
2 0.62109375 0.5484375 0.1484375 0.12109375
2 0.6984375 0.97890625 0.24609375 0.04140625
2 0.73515625 0.67265625 0.278125 0.24609375
2 0.64765625 0.371875 0.0296875 0.04453125
2 0.65546875 0.3875 0.0453125 0.06484375
2 0.69375 0.3953125 0.0734375 0.0703125
2 0.83125 0.88984375 0.33671875 0.21953125
2 0.7390625 0.4125 0.059375 0.0546875
2 0.77890625 0.42578125 0.05078125 0.0421875
2 0.81328125 0.34296875 0.06953125 0.0515625
2 0.89140625 0.6046875 0.21328125 0.1953125
2 0.83671875 0.42578125 0.06484375 0.06015625
2 0.8734375 0.415625 0.05078125 0.053125
2 0.878125 0.3421875 0.05078125 0.04609375
2 0.89453125 0.27421875 0.075 0.06484375
2 0.934375 0.78203125 0.13046875 0.2328125
2 0.9125 0.3765625 0.0765625 0.0359375
2 0.92578125 0.33359375 0.071875 0.0703125
2 0.94453125 0.43359375 0.109375 0.1296875
2 0.93359375 0.234375 0.0703125 0.06640625
2 0.98125 0.328125 0.03671875 0.08046875
2 0.9828125 0.22265625 0.0328125 0.06640625
