2 0.271875 0.153125 0.07578125 0.1125
2 0.05703125 0.05625 0.1140625 0.1125
2 0.046875 0.20703125 0.0859375 0.1484375
2 0.090625 0.15390625 0.0578125 0.06953125
2 0.10234375 0.5828125 0.0421875 0.06953125
2 0.22109375 0.12109375 0.0578125 0.1046875
2 0.3796875 0.45625 0.028125 0.02421875
2 0.38984375 0.41171875 0.04609375 0.040625
2 0.46796875 0.4984375 0.04140625 0.046875
2 0.465625 0.3484375 0.02421875 0.053125
2 0.52109375 0.45546875 0.01953125 0.046875
2 0.65859375 0.0484375 0.03203125 0.040625
2 0.69296875 0.0390625 0.021875 0.04453125
2 0.7296875 0.1703125 0.03359375 0.06328125
2 0.75625 0.10859375 0.02578125 0.05625
