2 0.67578125 0.3140625 0.2890625 0.2953125
2 0.346875 0.2203125 0.14375 0.246875
2 0.515625 0.55859375 0.34375 0.346875
2 0.46953125 0.0484375 0.1640625 0.096875
2 0.4640625 0.3390625 0.14140625 0.1015625
2 0.50078125 0.16171875 0.2140625 0.24296875
2 0.70625 0.13515625 0.2171875 0.24296875
2 0.76875 0.56171875 0.1875 0.28984375
2 0.7796875 0.0296875 0.109375 0.059375
2 0.8421875 0.20703125 0.175 0.303125
2 0.89921875 0.08359375 0.0890625 0.16640625
2 0.9328125 0.63359375 0.1328125 0.23984375
2 0.95234375 0.3390625 0.0921875 0.2515625
2 0.9671875 0.19921875 0.05625 0.11484375
2 0.97109375 0.0953125 0.0546875 0.14296875
