2 0.74296875 0.8046875 0.13203125 0.14140625
2 0.28125 0.73515625 0.1171875 0.1265625
2 0.428125 0.73203125 0.13203125 0.12109375
2 0.5453125 0.7296875 0.09765625 0.1671875
2 0.62890625 0.8078125 0.09609375 0.115625
2 0.66640625 0.7125 0.1078125 0.12109375
2 0.71484375 0.61953125 0.0734375 0.10390625
2 0.7828125 0.68359375 0.09765625 0.13359375
2 0.840625 0.6234375 0.0640625 0.115625
2 0.88046875 0.53125 0.0921875 0.11328125
2 0.946875 0.81640625 0.0984375 0.1671875
2 0.94765625 0.68671875 0.08046875 0.103125
2 0.9578125 0.6109375 0.04765625 0.028125
2 0.9734375 0.5546875 0.05234375 0.06640625
