2 0.6828125 0.53359375 0.1046875 0.13515625
2 0.0125 0.3875 0.015625 0.046875
2 0.02890625 0.396875 0.01171875 0.0453125
2 0.04765625 0.40078125 0.0078125 0.046875
2 0.053125 0.42265625 0.01796875 0.06796875
2 0.071875 0.42109375 0.01796875 0.06171875
2 0.0875 0.428125 0.0203125 0.05703125
2 0.10546875 0.45234375 0.0171875 0.05703125
2 0.14375 0.45625 0.03046875 0.0609375
2 0.16796875 0.46953125 0.03125 0.06484375
2 0.2015625 0.471875 0.03046875 0.06015625
2 0.22109375 0.48828125 0.0390625 0.0828125
2 0.2484375 0.50546875 0.025 0.0890625
2 0.2734375 0.51171875 0.03515625 0.0828125
2 0.31015625 0.515625 0.04609375 0.0890625
2 0.3453125 0.53828125 0.06875 0.0828125
2 0.34375 0.68359375 0.03359375 0.053125
2 0.34375 0.6390625 0.0203125 0.0671875
2 0.37265625 0.64609375 0.0375 0.07265625
2 0.37421875 0.7078125 0.034375 0.06640625
2 0.39296875 0.55703125 0.06171875 0.1171875
2 0.40625 0.4640625 0.0421875 0.07578125
2 0.42109375 0.665625 0.059375 0.0859375
2 0.421875 0.3734375 0.0578125 0.084375
2 0.42890625 0.290625 0.04375 0.06328125
2 0.4390625 0.753125 0.04609375 0.08984375
2 0.453125 0.57734375 0.065625 0.11015625
2 0.4578125 0.465625 0.05546875 0.0828125
2 0.46953125 0.38125 0.0703125 0.0890625
2 0.46875 0.29921875 0.0546875 0.0671875
2 0.4703125 0.7015625 0.046875 0.08984375
2 0.49140625 0.796875 0.0734375 0.09453125
2 0.51484375 0.59765625 0.0890625 0.11796875
2 0.51640625 0.490625 0.07890625 0.10859375
2 0.5171875 0.38828125 0.06640625 0.0828125
2 0.52734375 0.3078125 0.06171875 0.0875
2 0.53125 0.7171875 0.06328125 0.09921875
2 0.5578125 0.82578125 0.0703125 0.0890625
2 0.59765625 0.6234375 0.1171875 0.13984375
2 0.5953125 0.39765625 0.08984375 0.0984375
2 0.5859375 0.303125 0.06328125 0.07734375
2 0.6125 0.753125 0.1015625 0.10703125
2 0.6390625 0.865625 0.0890625 0.12421875
2 0.6609375 0.4171875 0.096875 0.13046875
2 0.65703125 0.3109375 0.0734375 0.084375
2 0.6953125 0.6703125 0.11640625 0.13046875
2 0.71640625 0.7828125 0.096875 0.11328125
2 0.74296875 0.30390625 0.0984375 0.12109375
2 0.771875 0.5703125 0.1 0.146875
2 0.809375 0.70234375 0.1046875 0.12890625
2 0.81640625 0.809375 0.090625 0.08828125
2 0.84375 0.33828125 0.134375 0.1546875
2 0.86328125 0.46015625 0.1140625 0.1140625
2 0.8796875 0.58828125 0.09296875 0.13046875
2 0.90390625 0.7265625 0.10078125 0.11796875
