2 0.14375 0.30703125 0.16875 0.2046875
2 0.490625 0.31328125 0.171875 0.1953125
2 0.31640625 0.30390625 0.1734375 0.2140625
2 0.84140625 0.31015625 0.1828125 0.1953125
2 0.66484375 0.3171875 0.1671875 0.184375
2 0.13984375 0.7578125 0.1328125 0.18125
2 0.16796875 0.59140625 0.1453125 0.1765625
2 0.85234375 0.5984375 0.1421875 0.178125
2 0.12734375 0.0328125 0.1390625 0.065625
2 0.55078125 0.76171875 0.1421875 0.1859375
2 0.84921875 0.76875 0.1484375 0.184375
2 0.41328125 0.765625 0.1328125 0.178125
2 0.2765625 0.75546875 0.14375 0.1953125
2 0.428125 0.5984375 0.13125 0.165625
2 0.56328125 0.60234375 0.1453125 0.1609375
2 0.69921875 0.76796875 0.1515625 0.1921875
2 0.7109375 0.59921875 0.14375 0.1640625
2 0.303125 0.6 0.121875 0.165625
