2 0.11875 0.61640625 0.215625 0.3015625
2 0.54765625 0.384375 0.2140625 0.25
2 0.75625 0.63046875 0.228125 0.2984375
2 0.934375 0.6328125 0.128125 0.284375
2 0.9328125 0.37578125 0.13125 0.2640625
2 0.5328125 0.6234375 0.215625 0.290625
2 0.3484375 0.38203125 0.19375 0.2546875
2 0.765625 0.37890625 0.2125 0.2515625
2 0.1640625 0.3859375 0.18125 0.25
2 0.32578125 0.63125 0.2015625 0.271875
2 0.0375 0.36953125 0.075 0.2734375
2 0.70078125 0.02890625 0.2421875 0.0578125
2 0.190625 0.02734375 0.253125 0.0546875
2 0.446875 0.02890625 0.246875 0.0578125
2 0.91875 0.02890625 0.159375 0.0578125
2 0.0078125 0.61953125 0.015625 0.2734375
