0 0.1984375 0.43984375 0.25625 0.3875
0 0.27578125 0.7375 0.2015625 0.23203125
0 0.46875 0.3375 0.09765625 0.17734375
0 0.44921875 0.8 0.04140625 0.0390625
0 0.4796875 0.70859375 0.04375 0.0796875
0 0.52109375 0.4875 0.1203125 0.1625
0 0.4796875 0.625 0.0125 0.05546875
0 0.546875 0.33671875 0.1109375 0.16875
0 0.54140625 0.56484375 0.0625 0.0421875
0 0.5984375 0.4125 0.0671875 0.09375
0 0.6125 0.25625 0.02421875 0.04453125
0 0.7578125 0.42578125 0.0609375 0.07734375
0 0.8421875 0.73125 0.06796875 0.0953125
0 0.85078125 0.66953125 0.06796875 0.071875
0 0.8765625 0.440625 0.05390625 0.06796875
0 0.8984375 0.31015625 0.06796875 0.08984375