0 0.41015625 0.7890625 0.11953125 0.1296875
0 0.0171875 0.365625 0.034375 0.078125
0 0.0625 0.1890625 0.125 0.184375
0 0.07578125 0.59765625 0.10234375 0.1125
0 0.1296875 0.065625 0.01953125 0.01953125
0 0.15390625 0.18515625 0.0234375 0.0359375
0 0.165625 0.12265625 0.01953125 0.01953125
0 0.1703125 0.09453125 0.0171875 0.02421875
0 0.20625 0.296875 0.05703125 0.0609375
0 0.5453125 0.44765625 0.7203125 0.39921875
0 0.20234375 0.2515625 0.02421875 0.02109375
0 0.2265625 0.26015625 0.0375 0.0453125
0 0.2578125 0.634375 0.0921875 0.12421875
0 0.26640625 0.33203125 0.0578125 0.06015625
0 0.25703125 0.2203125 0.028125 0.0375
0 0.34453125 0.67109375 0.10234375 0.12109375
0 0.35078125 0.22421875 0.0421875 0.04140625
0 0.35546875 0.1484375 0.028125 0.02578125
0 0.4453125 0.69140625 0.0875 0.11640625
0 0.509375 0.18984375 0.0328125 0.040625
0 0.646875 0.19296875 0.0265625 0.02421875