0 0.13125 0.2375 0.078125 0.10859375
0 0.13125 0.81484375 0.0734375 0.09921875
0 0.13125 0.53671875 0.07421875 0.09921875
0 0.37578125 0.815625 0.07421875 0.09765625
0 0.37734375 0.2359375 0.07578125 0.103125
0 0.378125 0.53125 0.07421875 0.10546875
0 0.6234375 0.23828125 0.0765625 0.103125
0 0.6234375 0.81484375 0.0765625 0.10625
0 0.6234375 0.53046875 0.0703125 0.09609375
0 0.865625 0.815625 0.078125 0.1046875
0 0.865625 0.240625 0.07578125 0.10703125
0 0.86796875 0.53203125 0.07265625 0.10546875