0 0.0796875 0.384375 0.1078125 0.06640625
0 0.09921875 0.303125 0.0765625 0.10703125
0 0.21328125 0.41640625 0.0921875 0.09609375
0 0.23125 0.315625 0.078125 0.08671875
0 0.23828125 0.66171875 0.034375 0.0625
0 0.265625 0.6609375 0.0484375 0.06875
0 0.2640625 0.71640625 0.0390625 0.0578125
0 0.2765625 0.61015625 0.05234375 0.053125
0 0.30703125 0.65703125 0.0390625 0.053125
0 0.3421875 0.425 0.10234375 0.07265625
0 0.36484375 0.31171875 0.07421875 0.109375
0 0.396875 0.7484375 0.05390625 0.084375
0 0.403125 0.6921875 0.0296875 0.03203125
0 0.41875 0.775 0.0234375 0.02578125
0 0.4390625 0.70234375 0.0546875 0.0734375
0 0.45078125 0.76171875 0.0484375 0.05625
0 0.471875 0.74296875 0.034375 0.04140625
0 0.5234375 0.421875 0.10234375 0.1
0 0.52109375 0.31171875 0.0796875 0.109375
0 0.65546875 0.403125 0.1078125 0.06171875
0 0.65 0.32265625 0.0765625 0.10234375
0 0.77578125 0.33203125 0.07421875 0.125
0 0.8 0.40390625 0.10234375 0.05625
0 0.83671875 0.1609375 0.0296875 0.03359375
0 0.859375 0.175 0.02578125 0.009375
0 0.86484375 0.1578125 0.03203125 0.0359375
0 0.8875 0.1703125 0.01796875 0.0234375
0 0.928125 0.33828125 0.08203125 0.13671875