0 0.0125 0.296875 0.025 0.0296875
0 0.021875 0.3234375 0.04375 0.040625
0 0.0984375 0.0796875 0.196875 0.128125
0 0.309375 0.73125 0.61796875 0.5359375
0 0.03203125 0.346875 0.02734375 0.01875
0 0.12734375 0.4359375 0.21875 0.1453125
0 0.0421875 0.309375 0.02421875 0.03046875
0 0.275 0.14140625 0.240625 0.11796875
0 0.25625 0.02578125 0.184375 0.0515625
0 0.32421875 0.49140625 0.2390625 0.15390625
0 0.4171875 0.053125 0.203125 0.10625
0 0.5171875 0.271875 0.2796875 0.2953125
0 0.45625 0.8515625 0.06953125 0.07109375
0 0.553125 0.53984375 0.24609375 0.16171875
0 0.6390625 0.0859375 0.23359375 0.11640625
0 0.6921875 0.3984375 0.2109375 0.12109375
0 0.7359375 0.9109375 0.2734375 0.1765625
0 0.83125 0.628125 0.3046875 0.2484375
0 0.784375 0.29375 0.1796875 0.09765625
0 0.8359375 0.2046875 0.16875 0.08046875
0 0.8984375 0.4 0.2015625 0.271875