0 0.52578125 0.81328125 0.15703125 0.10703125
0 0.32421875 0.2671875 0.47421875 0.1390625
0 0.11171875 0.66640625 0.0203125 0.0390625
0 0.1140625 0.5015625 0.02109375 0.03046875
0 0.1171875 0.52578125 0.01796875 0.0171875
0 0.3109375 0.146875 0.4046875 0.11796875
0 0.11796875 0.703125 0.01171875 0.0234375
0 0.16484375 0.05859375 0.08203125 0.0671875
0 0.13828125 0.83515625 0.02265625 0.04140625
0 0.14453125 0.9015625 0.0359375 0.0515625
0 0.29140625 0.46484375 0.2890625 0.2609375
0 0.16875 0.94609375 0.0390625 0.03046875
0 0.39296875 0.73828125 0.32421875 0.2578125
0 0.3984375 0.96875 0.2296875 0.0609375
0 0.390625 0.0265625 0.0640625 0.03125
0 0.478125 0.4484375 0.10703125 0.13359375
0 0.45234375 0.05390625 0.009375 0.0140625
0 0.55859375 0.9765625 0.125 0.0453125
0 0.53515625 0.0078125 0.0359375 0.015625
0 0.5390625 0.071875 0.00703125 0.00703125
0 0.546875 0.075 0.009375 0.0109375
0 0.55703125 0.0109375 0.0234375 0.0140625
0 0.77578125 0.4375 0.446875 0.30546875
0 0.77734375 0.69296875 0.44453125 0.25625
0 0.5609375 0.0875 0.009375 0.0171875
0 0.57265625 0.0953125 0.01796875 0.01015625
0 0.746875 0.9203125 0.134375 0.06171875
0 0.70390625 0.1234375 0.015625 0.0140625
0 0.70390625 0.13359375 0.015625 0.01015625
0 0.8390625 0.0765625 0.2546875 0.0671875
0 0.7328125 0.1390625 0.015625 0.0140625
0 0.85078125 0.96640625 0.2 0.065625
0 0.84296875 0.88671875 0.134375 0.1078125
0 0.81953125 0.18125 0.02890625 0.03046875
0 0.85078125 0.18828125 0.0140625 0.0140625
0 0.859375 0.1953125 0.02265625 0.01875
0 0.92734375 0.903125 0.14453125 0.15
0 0.93046875 0.20703125 0.11796875 0.090625