0 0.0140625 0.18828125 0.028125 0.0609375
0 0.06796875 0.7234375 0.01953125 0.02421875
0 0.0953125 0.72578125 0.03125 0.02109375
0 0.103125 0.7015625 0.02421875 0.02734375
0 0.10390625 0.559375 0.02421875 0.02421875
0 0.15 0.59375 0.0265625 0.02890625
0 0.190625 0.0203125 0.01640625 0.03046875
0 0.21953125 0.49609375 0.0203125 0.03046875
0 0.2234375 0.465625 0.0203125 0.02734375
0 0.2375 0.50625 0.0140625 0.03046875
0 0.2859375 0.54453125 0.02265625 0.03515625
0 0.30625 0.5390625 0.0171875 0.02421875
0 0.34765625 0.49375 0.015625 0.02890625
0 0.36875 0.49296875 0.0203125 0.02734375
0 0.371875 0.5015625 0.0171875 0.02734375
0 0.434375 0.37890625 0.13203125 0.0828125
0 0.6453125 0.42890625 0.1015625 0.2828125
0 0.815625 0.1953125 0.215625 0.29765625
0 0.9078125 0.62421875 0.07109375 0.0671875
0 0.88125 0.37734375 0.0109375 0.0140625
0 0.953125 0.74921875 0.0484375 0.06484375
0 0.94375 0.3203125 0.025 0.05546875
0 0.965625 0.91484375 0.0671875 0.07578125
0 0.96328125 0.23203125 0.025 0.02578125
0 0.9765625 0.52578125 0.0453125 0.1015625
0 0.98828125 0.2203125 0.02265625 0.1109375
0 0.9921875 0.39609375 0.01484375 0.059375