0 0.203125 0.6609375 0.103125 0.2828125
0 0.23515625 0.44609375 0.10546875 0.07265625
0 0.2546875 0.37265625 0.03515625 0.0328125
0 0.3125 0.66328125 0.1109375 0.196875
0 0.3 0.37265625 0.0484375 0.0328125
0 0.30234375 0.30234375 0.0515625 0.03984375
0 0.3046875 0.4453125 0.04609375 0.0359375
0 0.3375 0.521875 0.103125 0.096875
0 0.36796875 0.44609375 0.0609375 0.040625
0 0.37265625 0.37890625 0.06328125 0.03046875
0 0.3765625 0.30703125 0.065625 0.03515625
0 0.4640625 0.73515625 0.17578125 0.34765625
0 0.5171875 0.1234375 0.18984375 0.246875
0 0.5265625 0.4140625 0.18671875 0.21484375
0 0.5625 0.9078125 0.1875 0.1828125
0 0.51015625 0.53671875 0.0515625 0.02109375
0 0.60390625 0.48984375 0.1328125 0.253125
0 0.6546875 0.765625 0.18359375 0.284375
0 0.5890625 0.89453125 0.03359375 0.03984375
0 0.778125 0.1515625 0.20703125 0.28984375
0 0.77890625 0.49296875 0.2015625 0.27890625
0 0.815625 0.64921875 0.140625 0.15859375
0 0.85 0.73359375 0.13671875 0.0828125