0 0.53671875 0.325 0.20234375 0.3515625
0 0.7703125 0.82109375 0.184375 0.2890625
0 0.21875 0.46171875 0.2296875 0.33828125
0 0.446875 0.7953125 0.19765625 0.29921875
0 0.59921875 0.13984375 0.1640625 0.246875
0 0.44453125 0.184375 0.14921875 0.23359375
0 0.28828125 0.14140625 0.15390625 0.2453125
0 0.128125 0.078125 0.20234375 0.15546875
0 0.140625 0.28203125 0.18671875 0.24140625
0 0.06328125 0.45703125 0.1234375 0.2875
0 0.40703125 0.52265625 0.16953125 0.2734375
0 0.57890625 0.5703125 0.1515625 0.2515625
0 0.7265625 0.596875 0.16171875 0.2390625
0 0.8109375 0.46171875 0.1296875 0.1890625
0 0.859375 0.58984375 0.171875 0.23515625
0 0.8359375 0.2671875 0.14765625 0.2109375
0 0.7078125 0.34296875 0.1203125 0.18984375
0 0.6671875 0.4046875 0.13515625 0.21015625
0 0.71171875 0.05546875 0.1515625 0.1109375
0 0.85078125 0.071875 0.11015625 0.14296875
0 0.9390625 0.0734375 0.08984375 0.13203125
0 0.9203125 0.2109375 0.12265625 0.1875
0 0.9296875 0.40625 0.140625 0.20625
0 0.9703125 0.61328125 0.05859375 0.1734375
0 0.92265625 0.765625 0.1375 0.25390625
0 0.62421875 0.78046875 0.146875 0.2234375
0 0.28125 0.7203125 0.17265625 0.25234375
0 0.1 0.665625 0.17421875 0.2359375
0 0.159375 0.87890625 0.1765625 0.228125
0 0.10546875 0.9453125 0.20546875 0.109375
0 0.3140625 0.91484375 0.178125 0.16953125
0 0.328125 0.31796875 0.1890625 0.2203125
0 0.75 0.15078125 0.12578125 0.20390625