0 0.11796875 0.8671875 0.0484375 0.04453125
0 0.128125 0.83828125 0.04296875 0.05703125
0 0.3984375 0.6453125 0.0234375 0.03515625
0 0.41171875 0.19609375 0.0265625 0.03515625
0 0.46171875 0.6375 0.03515625 0.03515625
0 0.46015625 0.12109375 0.0296875 0.046875
0 0.48984375 0.18203125 0.03203125 0.046875
0 0.52578125 0.36953125 0.03203125 0.04140625
0 0.590625 0.228125 0.03203125 0.0546875
0 0.6265625 0.1859375 0.03203125 0.03671875
0 0.6375 0.759375 0.0453125 0.0453125
0 0.66015625 0.2390625 0.03125 0.04296875
0 0.678125 0.2828125 0.01171875 0.02734375
0 0.6953125 0.7609375 0.040625 0.04296875
0 0.703125 0.334375 0.03359375 0.0453125
0 0.7453125 0.76796875 0.03984375 0.05234375
0 0.77578125 0.57109375 0.03203125 0.03515625
0 0.840625 0.54453125 0.01875 0.03125
0 0.85234375 0.78125 0.02421875 0.0234375
0 0.859375 0.5453125 0.01953125 0.02890625
0 0.903125 0.02109375 0.02265625 0.03125
0 0.9046875 0.4890625 0.02421875 0.0296875
0 0.9125 0.1 0.02421875 0.0234375
0 0.91640625 0.3265625 0.0171875 0.01953125
0 0.9296875 0.290625 0.021875 0.0390625