0 0.01640625 0.6703125 0.03203125 0.07890625
0 0.0171875 0.3203125 0.034375 0.0625
0 0.028125 0.69921875 0.04375 0.05
0 0.04375 0.63671875 0.04375 0.0703125
0 0.05 0.58359375 0.0421875 0.05390625
0 0.1296875 0.83671875 0.190625 0.2390625
0 0.12734375 0.9703125 0.03828125 0.05078125
0 0.1515625 0.98359375 0.03828125 0.02890625
0 0.19375 0.65 0.04296875 0.040625
0 0.24765625 0.9265625 0.0296875 0.03046875
0 0.27109375 0.95546875 0.0359375 0.0421875
0 0.3390625 0.64375 0.04375 0.0609375
0 0.35 0.696875 0.04375 0.05390625
0 0.3734375 0.6734375 0.03828125 0.065625
0 0.421875 0.0890625 0.02734375 0.0640625
0 0.45703125 0.13515625 0.046875 0.06015625
0 0.47109375 0.5203125 0.04375 0.07421875
0 0.4921875 0.4703125 0.04296875 0.07265625
0 0.5109375 0.528125 0.05390625 0.0703125
0 0.5484375 0.80625 0.025 0.06015625
0 0.55859375 0.89453125 0.04296875 0.05703125
0 0.565625 0.92734375 0.04296875 0.05859375
0 0.5765625 0.07421875 0.04609375 0.0640625
0 0.58515625 0.8046875 0.0203125 0.05859375
0 0.6109375 0.3390625 0.04140625 0.0640625
0 0.61640625 0.10546875 0.04765625 0.05859375
0 0.6265625 0.265625 0.04765625 0.07578125
0 0.64765625 0.34609375 0.04609375 0.05859375
0 0.6609375 0.2453125 0.0265625 0.0640625
0 0.684375 0.76171875 0.04296875 0.0640625
0 0.68828125 0.16015625 0.04921875 0.065625
0 0.69375 0.7 0.0421875 0.065625
0 0.69765625 0.29140625 0.03515625 0.0625
0 0.71953125 0.3140625 0.04296875 0.0640625
0 0.721875 0.74921875 0.046875 0.07578125
0 0.734375 0.1109375 0.0484375 0.07890625
0 0.7703125 0.69140625 0.0390625 0.065625
0 0.79921875 0.696875 0.0296875 0.07421875
0 0.821875 0.74296875 0.0359375 0.05546875
0 0.85390625 0.534375 0.04375 0.05859375
0 0.853125 0.1609375 0.034375 0.028125
0 0.9015625 0.47578125 0.04375 0.0609375
0 0.934375 0.4921875 0.0546875 0.0703125
0 0.9359375 0.3140625 0.05 0.040625