0 0.3609375 0.67265625 0.175 0.1203125
0 0.04609375 0.565625 0.09140625 0.1046875
0 0.05859375 0.815625 0.1171875 0.1671875
0 0.22578125 0.334375 0.4515625 0.109375
0 0.2984375 0.4078125 0.596875 0.165625
0 0.16484375 0.75625 0.25625 0.1421875
0 0.1078125 0.55234375 0.08046875 0.06171875
0 0.18203125 0.51640625 0.1296875 0.06796875
0 0.16171875 0.3 0.059375 0.03046875
0 0.21640625 0.2921875 0.059375 0.01875
0 0.2859375 0.4890625 0.11640625 0.07578125
0 0.39296875 0.975 0.21171875 0.0484375
0 0.37734375 0.265625 0.0671875 0.0265625
0 0.48828125 0.6265625 0.1546875 0.10078125
0 0.55859375 0.9234375 0.24296875 0.1515625
0 0.56328125 0.41796875 0.10859375 0.0734375
0 0.69140625 0.85234375 0.209375 0.1515625
0 0.66171875 0.3875 0.09375 0.05234375
0 0.81171875 0.4890625 0.37421875 0.184375
0 0.72578125 0.365625 0.0921875 0.0484375
0 0.77109375 0.790625 0.1828125 0.11484375
0 0.77734375 0.290625 0.07265625 0.0203125
0 0.834375 0.740625 0.165625 0.1140625
0 0.89140625 0.3015625 0.07734375 0.02734375
0 0.95078125 0.6421875 0.096875 0.1046875