0 0.52890625 0.37890625 0.15703125 0.21328125
0 0.3296875 0.7578125 0.1453125 0.21796875
0 0.7328125 0.61875 0.1515625 0.2515625
0 0.32734375 0.27265625 0.1234375 0.1921875
0 0.5609375 0.1171875 0.125 0.1734375
0 0.1453125 0.58203125 0.13359375 0.16953125
0 0.8734375 0.3125 0.16171875 0.1984375
0 0.925 0.6765625 0.15 0.221875
0 0.2625 0.09765625 0.11484375 0.17109375
0 0.375 0.09921875 0.10703125 0.16328125
0 0.06328125 0.19921875 0.10625 0.17734375
0 0.0953125 0.0796875 0.09375 0.10390625
0 0.1984375 0.22421875 0.11015625 0.15625
0 0.43203125 0.28046875 0.12734375 0.1640625
0 0.73515625 0.36328125 0.11796875 0.184375
0 0.77578125 0.21484375 0.13125 0.1734375
0 0.81796875 0.15234375 0.11640625 0.17421875
0 0.928125 0.2125 0.1171875 0.16796875
0 0.84921875 0.4796875 0.1421875 0.1703125
0 0.64453125 0.496875 0.1234375 0.1796875
0 0.50703125 0.59140625 0.14765625 0.2078125
0 0.3859375 0.61796875 0.121875 0.19609375
0 0.271875 0.628125 0.1265625 0.1703125
0 0.30546875 0.490625 0.1171875 0.1765625
0 0.40703125 0.415625 0.1140625 0.1671875
0 0.23046875 0.37421875 0.128125 0.1953125
0 0.13671875 0.3890625 0.10390625 0.14453125
0 0.09375 0.5234375 0.1109375 0.1671875
0 0.48203125 0.76953125 0.12734375 0.19140625
0 0.60859375 0.73046875 0.13046875 0.20078125
0 0.8046875 0.8328125 0.16328125 0.22265625
0 0.70625 0.915625 0.16015625 0.16796875
0 0.5078125 0.95234375 0.159375 0.0953125
0 0.30078125 0.9265625 0.1515625 0.146875
0 0.1640625 0.90546875 0.11875 0.18828125
0 0.1125 0.7265625 0.11796875 0.171875
0 0.24609375 0.76484375 0.13203125 0.17265625
0 0.39921875 0.9078125 0.0953125 0.1578125
0 0.9296875 0.921875 0.13984375 0.15546875
0 0.71875 0.13046875 0.0875 0.1703125
0 0.64140625 0.1703125 0.09609375 0.1703125
0 0.4671875 0.06484375 0.09140625 0.12421875
0 0.94609375 0.08046875 0.1078125 0.1578125
0 0.04921875 0.38515625 0.09453125 0.20859375
0 0.10546875 0.303125 0.10078125 0.14375
0 0.04140625 0.8390625 0.0828125 0.20625