0 0.06171875 0.809375 0.103125 0.1078125
0 0.06015625 0.7171875 0.06953125 0.06875
0 0.07109375 0.89140625 0.09296875 0.12265625
0 0.07265625 0.3546875 0.06171875 0.10390625
0 0.11640625 0.45625 0.078125 0.1140625
0 0.1109375 0.55078125 0.05625 0.0953125
0 0.15078125 0.9296875 0.075 0.128125
0 0.171875 0.8125 0.09453125 0.16953125
0 0.2453125 0.8421875 0.11796875 0.09609375
0 0.2453125 0.36796875 0.0921875 0.08515625
0 0.24140625 0.69453125 0.06640625 0.0984375
0 0.2515625 0.9359375 0.0765625 0.10859375
0 0.27265625 0.70859375 0.0640625 0.1078125
0 0.378125 0.88203125 0.08984375 0.06015625
0 0.39453125 0.784375 0.08671875 0.15078125
0 0.415625 0.68671875 0.05 0.06875
0 0.47734375 0.4890625 0.06328125 0.07421875
0 0.47890625 0.8296875 0.06171875 0.0796875
0 0.57421875 0.9375 0.07265625 0.0796875
0 0.5890625 0.7734375 0.1 0.065625
0 0.60234375 0.57265625 0.09296875 0.1296875
0 0.5984375 0.684375 0.0515625 0.1171875
0 0.61875 0.46875 0.0828125 0.11953125
0 0.62578125 0.8734375 0.06484375 0.08515625
0 0.69453125 0.709375 0.0796875 0.1265625
0 0.70078125 0.8703125 0.071875 0.0796875
0 0.7 0.80859375 0.06640625 0.07578125
0 0.71015625 0.5296875 0.08515625 0.0953125
0 0.73671875 0.04921875 0.05546875 0.0984375
0 0.84140625 0.72734375 0.05234375 0.05234375
0 0.89609375 0.7234375 0.06015625 0.0734375
0 0.91796875 0.5421875 0.071875 0.07578125