1 0.39609375 0.1453125 0.240625 0.17890625
1 0.70078125 0.16015625 0.30625 0.19296875
1 0.50078125 0.3578125 0.290625 0.19375
1 0.25 0.38671875 0.1765625 0.121875
1 0.0625 0.3328125 0.125 0.07578125
1 0.66015625 0.49765625 0.20390625 0.15859375
1 0.73046875 0.3234375 0.178125 0.115625
1 0.14921875 0.67734375 0.18203125 0.12265625
1 0.30703125 0.75234375 0.18203125 0.1234375
1 0.44375 0.91328125 0.25 0.14453125
1 0.72890625 0.796875 0.2078125 0.10625
1 0.83359375 0.5578125 0.1328125 0.09765625
1 0.84140625 0.43203125 0.15625 0.11875
1 0.646875 0.93203125 0.11171875 0.125
1 0.946875 0.6171875 0.10625 0.190625
1 0.26796875 0.8765625 0.09765625 0.11328125
1 0.94140625 0.86953125 0.1171875 0.14140625