1 0.46953125 0.1265625 0.1828125 0.21328125
1 0.79296875 0.41328125 0.14609375 0.2265625
1 0.325 0.58515625 0.16328125 0.290625
1 0.74296875 0.80390625 0.18125 0.284375
1 0.240625 0.93359375 0.140625 0.1328125
1 0.09921875 0.77890625 0.1125 0.16484375
1 0.05546875 0.15546875 0.1109375 0.1609375
1 0.59921875 0.7890625 0.1328125 0.2296875
1 0.28046875 0.78203125 0.15390625 0.1859375
1 0.6390625 0.0453125 0.1375 0.090625
1 0.4734375 0.91484375 0.16953125 0.16953125
1 0.40625 0.34453125 0.1640625 0.1921875
1 0.7921875 0.14765625 0.1515625 0.21015625
1 0.6375 0.22421875 0.153125 0.24296875