1 0.5078125 0.29140625 0.1671875 0.2640625
1 0.2671875 0.0859375 0.215625 0.171875
1 0.21171875 0.4609375 0.1953125 0.23125
1 0.61796875 0.8859375 0.1921875 0.22734375
1 0.89921875 0.575 0.12734375 0.18984375
1 0.8171875 0.39609375 0.08984375 0.15625
1 0.94453125 0.11875 0.1109375 0.1609375
1 0.7390625 0.65625 0.1140625 0.11875
1 0.76171875 0.82578125 0.10546875 0.1953125
1 0.63671875 0.71796875 0.1328125 0.1296875
1 0.8828125 0.94140625 0.115625 0.1171875
1 0.6625 0.57109375 0.0984375 0.1203125
1 0.45703125 0.11796875 0.13828125 0.08203125