1 0.7796875 0.365625 0.0625 0.096875
1 0.58359375 0.475 0.0546875 0.10546875
1 0.41953125 0.5 0.0703125 0.11640625
1 0.07890625 0.05390625 0.0453125 0.1078125
1 0.21015625 0.64140625 0.0609375 0.1109375
1 0.2828125 0.696875 0.071875 0.10546875
1 0.53515625 0.765625 0.0671875 0.1140625
1 0.81875 0.815625 0.040625 0.08046875
1 0.8265625 0.85859375 0.05 0.08359375
1 0.87109375 0.91796875 0.0421875 0.075
1 0.51796875 0.96953125 0.0546875 0.0609375
1 0.11875 0.10859375 0.059375 0.10546875
1 0.1890625 0.0265625 0.046875 0.053125